Core, 0
Cumulative Cycles, 10480334            
Cumulative Instructions, 20193233            
Cumulative IPC, 1.92677
Periodic Cycles, 5287451             
Periodic Instructions, 10122228            
Periodic IPC, 1.91439

ICACHE_MISS_count,          2035
ICACHE_MISS_pct,        0.097
ICACHE_MISS_total_count,          4708
ICACHE_MISS_total_pct,        0.114

ICACHE_HIT_count,       2106006
ICACHE_HIT_pct,       99.903
ICACHE_HIT_total_count,       4120127
ICACHE_HIT_total_pct,       99.886
ICACHE_HIT_sum_count,       2108041
ICACHE_HIT_sum_pct,      100.000
ICACHE_HIT_sum_total_count,       4124835
ICACHE_HIT_sum_total_pct,      100.000
ICACHE_HIT_mean,         1.00
ICACHE_HIT_stddev,         1.00
ICACHE_HIT_total_mean,         1.00
ICACHE_HIT_total_stddev,         1.00

ICACHE_MISS_ONPATH_count,          1575
ICACHE_MISS_ONPATH_pct,       77.396
ICACHE_MISS_ONPATH_total_count,          3246
ICACHE_MISS_ONPATH_total_pct,       68.946

ICACHE_MISS_OFFPATH_count,           460
ICACHE_MISS_OFFPATH_pct,       22.604
ICACHE_MISS_OFFPATH_total_count,          1462
ICACHE_MISS_OFFPATH_total_pct,       31.054
ICACHE_MISS_OFFPATH_sum_count,          2035
ICACHE_MISS_OFFPATH_sum_pct,      100.000
ICACHE_MISS_OFFPATH_sum_total_count,          4708
ICACHE_MISS_OFFPATH_sum_total_pct,      100.000
ICACHE_MISS_OFFPATH_mean,         0.23
ICACHE_MISS_OFFPATH_stddev,         0.38
ICACHE_MISS_OFFPATH_total_mean,         0.31
ICACHE_MISS_OFFPATH_total_stddev,         0.42

ICACHE_MISS_NOT_PREFETCHED_count,             5
ICACHE_MISS_NOT_PREFETCHED_pct,        0.249
ICACHE_MISS_NOT_PREFETCHED_total_count,            18
ICACHE_MISS_NOT_PREFETCHED_total_pct,        0.398

ICACHE_MISS_PREFETCHED_AND_EVICTED_BY_IF_count,             0
ICACHE_MISS_PREFETCHED_AND_EVICTED_BY_IF_pct,        0.000
ICACHE_MISS_PREFETCHED_AND_EVICTED_BY_IF_total_count,             0
ICACHE_MISS_PREFETCHED_AND_EVICTED_BY_IF_total_pct,        0.000

ICACHE_MISS_PREFETCHED_AND_EVICTED_BY_FD_count,             0
ICACHE_MISS_PREFETCHED_AND_EVICTED_BY_FD_pct,        0.000
ICACHE_MISS_PREFETCHED_AND_EVICTED_BY_FD_total_count,             0
ICACHE_MISS_PREFETCHED_AND_EVICTED_BY_FD_total_pct,        0.000

ICACHE_MISS_MSHR_HIT_PREFETCHED_OFFPATH_count,            20
ICACHE_MISS_MSHR_HIT_PREFETCHED_OFFPATH_pct,        0.997
ICACHE_MISS_MSHR_HIT_PREFETCHED_OFFPATH_total_count,            85
ICACHE_MISS_MSHR_HIT_PREFETCHED_OFFPATH_total_pct,        1.880

ICACHE_MISS_MSHR_HIT_PREFETCHED_ONPATH_count,          1982
ICACHE_MISS_MSHR_HIT_PREFETCHED_ONPATH_pct,       98.754
ICACHE_MISS_MSHR_HIT_PREFETCHED_ONPATH_total_count,          4419
ICACHE_MISS_MSHR_HIT_PREFETCHED_ONPATH_total_pct,       97.722
ICACHE_MISS_MSHR_HIT_PREFETCHED_ONPATH_sum_count,          2007
ICACHE_MISS_MSHR_HIT_PREFETCHED_ONPATH_sum_pct,      100.000
ICACHE_MISS_MSHR_HIT_PREFETCHED_ONPATH_sum_total_count,          4522
ICACHE_MISS_MSHR_HIT_PREFETCHED_ONPATH_sum_total_pct,      100.000
ICACHE_MISS_MSHR_HIT_PREFETCHED_ONPATH_mean,         3.98
ICACHE_MISS_MSHR_HIT_PREFETCHED_ONPATH_stddev,         3.96
ICACHE_MISS_MSHR_HIT_PREFETCHED_ONPATH_total_mean,         3.97
ICACHE_MISS_MSHR_HIT_PREFETCHED_ONPATH_total_stddev,         3.92

ICACHE_HIT_ONPATH_count,       1311571
ICACHE_HIT_ONPATH_pct,       62.278
ICACHE_HIT_ONPATH_total_count,       2603683
ICACHE_HIT_ONPATH_total_pct,       63.194

ICACHE_HIT_OFFPATH_count,        794435
ICACHE_HIT_OFFPATH_pct,       37.722
ICACHE_HIT_OFFPATH_total_count,       1516444
ICACHE_HIT_OFFPATH_total_pct,       36.806
ICACHE_HIT_OFFPATH_sum_count,       2106006
ICACHE_HIT_OFFPATH_sum_pct,      100.000
ICACHE_HIT_OFFPATH_sum_total_count,       4120127
ICACHE_HIT_OFFPATH_sum_total_pct,      100.000
ICACHE_HIT_OFFPATH_mean,         0.38
ICACHE_HIT_OFFPATH_stddev,         0.45
ICACHE_HIT_OFFPATH_total_mean,         0.37
ICACHE_HIT_OFFPATH_total_stddev,         0.44

ICACHE_HIT_ONPATH_SAT_BY_OFFPATH_count,          3896
ICACHE_HIT_ONPATH_SAT_BY_OFFPATH_pct,        0.112
ICACHE_HIT_ONPATH_SAT_BY_OFFPATH_total_count,          7898
ICACHE_HIT_ONPATH_SAT_BY_OFFPATH_total_pct,        0.115

ICACHE_HIT_ONPATH_SAT_BY_ONPATH_count,       3485561
ICACHE_HIT_ONPATH_SAT_BY_ONPATH_pct,       99.888
ICACHE_HIT_ONPATH_SAT_BY_ONPATH_total_count,       6883186
ICACHE_HIT_ONPATH_SAT_BY_ONPATH_total_pct,       99.885
ICACHE_HIT_ONPATH_SAT_BY_ONPATH_sum_count,       3489457
ICACHE_HIT_ONPATH_SAT_BY_ONPATH_sum_pct,      100.000
ICACHE_HIT_ONPATH_SAT_BY_ONPATH_sum_total_count,       6891084
ICACHE_HIT_ONPATH_SAT_BY_ONPATH_sum_total_pct,      100.000
ICACHE_HIT_ONPATH_SAT_BY_ONPATH_mean,         1.00
ICACHE_HIT_ONPATH_SAT_BY_ONPATH_stddev,         1.00
ICACHE_HIT_ONPATH_SAT_BY_ONPATH_total_mean,         1.00
ICACHE_HIT_ONPATH_SAT_BY_ONPATH_total_stddev,         1.00

ICACHE_HIT_OFFPATH_SAT_BY_OFFPATH_count,         14664
ICACHE_HIT_OFFPATH_SAT_BY_OFFPATH_pct,        0.619
ICACHE_HIT_OFFPATH_SAT_BY_OFFPATH_total_count,         34429
ICACHE_HIT_OFFPATH_SAT_BY_OFFPATH_total_pct,        0.762

ICACHE_HIT_OFFPATH_SAT_BY_ONPATH_count,       2355967
ICACHE_HIT_OFFPATH_SAT_BY_ONPATH_pct,       99.381
ICACHE_HIT_OFFPATH_SAT_BY_ONPATH_total_count,       4485402
ICACHE_HIT_OFFPATH_SAT_BY_ONPATH_total_pct,       99.238
ICACHE_HIT_OFFPATH_SAT_BY_ONPATH_sum_count,       2370631
ICACHE_HIT_OFFPATH_SAT_BY_ONPATH_sum_pct,      100.000
ICACHE_HIT_OFFPATH_SAT_BY_ONPATH_sum_total_count,       4519831
ICACHE_HIT_OFFPATH_SAT_BY_ONPATH_sum_total_pct,      100.000
ICACHE_HIT_OFFPATH_SAT_BY_ONPATH_mean,         0.99
ICACHE_HIT_OFFPATH_SAT_BY_ONPATH_stddev,         0.99
ICACHE_HIT_OFFPATH_SAT_BY_ONPATH_total_mean,         0.99
ICACHE_HIT_OFFPATH_SAT_BY_ONPATH_total_stddev,         0.99

ICACHE_HIT_BY_FDIP_ONPATH_count,          7505
ICACHE_HIT_BY_FDIP_ONPATH_pct,       66.345
ICACHE_HIT_BY_FDIP_ONPATH_total_count,         14167
ICACHE_HIT_BY_FDIP_ONPATH_total_pct,       64.918

ICACHE_HIT_BY_FDIP_OFFPATH_count,          3807
ICACHE_HIT_BY_FDIP_OFFPATH_pct,       33.655
ICACHE_HIT_BY_FDIP_OFFPATH_total_count,          7656
ICACHE_HIT_BY_FDIP_OFFPATH_total_pct,       35.082
ICACHE_HIT_BY_FDIP_OFFPATH_sum_count,         11312
ICACHE_HIT_BY_FDIP_OFFPATH_sum_pct,      100.000
ICACHE_HIT_BY_FDIP_OFFPATH_sum_total_count,         21823
ICACHE_HIT_BY_FDIP_OFFPATH_sum_total_pct,      100.000
ICACHE_HIT_BY_FDIP_OFFPATH_mean,         0.34
ICACHE_HIT_BY_FDIP_OFFPATH_stddev,         0.43
ICACHE_HIT_BY_FDIP_OFFPATH_total_mean,         0.35
ICACHE_HIT_BY_FDIP_OFFPATH_total_stddev,         0.44

ICACHE_MISS_MSHR_HIT_BY_FDIP_ONPATH_count,          1417
ICACHE_MISS_MSHR_HIT_BY_FDIP_ONPATH_pct,       70.779
ICACHE_MISS_MSHR_HIT_BY_FDIP_ONPATH_total_count,          2907
ICACHE_MISS_MSHR_HIT_BY_FDIP_ONPATH_total_pct,       64.586

ICACHE_MISS_MSHR_HIT_BY_FDIP_OFFPATH_count,           585
ICACHE_MISS_MSHR_HIT_BY_FDIP_OFFPATH_pct,       29.221
ICACHE_MISS_MSHR_HIT_BY_FDIP_OFFPATH_total_count,          1594
ICACHE_MISS_MSHR_HIT_BY_FDIP_OFFPATH_total_pct,       35.414
ICACHE_MISS_MSHR_HIT_BY_FDIP_OFFPATH_sum_count,          2002
ICACHE_MISS_MSHR_HIT_BY_FDIP_OFFPATH_sum_pct,      100.000
ICACHE_MISS_MSHR_HIT_BY_FDIP_OFFPATH_sum_total_count,          4501
ICACHE_MISS_MSHR_HIT_BY_FDIP_OFFPATH_sum_total_pct,      100.000
ICACHE_MISS_MSHR_HIT_BY_FDIP_OFFPATH_mean,         0.29
ICACHE_MISS_MSHR_HIT_BY_FDIP_OFFPATH_stddev,         0.41
ICACHE_MISS_MSHR_HIT_BY_FDIP_OFFPATH_total_mean,         0.35
ICACHE_MISS_MSHR_HIT_BY_FDIP_OFFPATH_total_stddev,         0.44

ICACHE_HIT_ONPATH_BY_FDIP_count,         11312
ICACHE_HIT_ONPATH_BY_FDIP_pct,       40.210
ICACHE_HIT_ONPATH_BY_FDIP_total_count,         21823
ICACHE_HIT_ONPATH_BY_FDIP_total_pct,       35.911

ICACHE_HIT_OFFPATH_BY_FDIP_count,         14785
ICACHE_HIT_OFFPATH_BY_FDIP_pct,       52.556
ICACHE_HIT_OFFPATH_BY_FDIP_total_count,         34241
ICACHE_HIT_OFFPATH_BY_FDIP_total_pct,       56.346

ICACHE_MISS_MSHR_HIT_ONPATH_BY_FDIP_count,          1570
ICACHE_MISS_MSHR_HIT_ONPATH_BY_FDIP_pct,        5.581
ICACHE_MISS_MSHR_HIT_ONPATH_BY_FDIP_total_count,          3228
ICACHE_MISS_MSHR_HIT_ONPATH_BY_FDIP_total_pct,        5.312

ICACHE_MISS_MSHR_HIT_OFFPATH_BY_FDIP_count,           432
ICACHE_MISS_MSHR_HIT_OFFPATH_BY_FDIP_pct,        1.536
ICACHE_MISS_MSHR_HIT_OFFPATH_BY_FDIP_total_count,          1273
ICACHE_MISS_MSHR_HIT_OFFPATH_BY_FDIP_total_pct,        2.095

ICACHE_MISS_TOO_EARLY_ONPATH_count,             0
ICACHE_MISS_TOO_EARLY_ONPATH_pct,        0.000
ICACHE_MISS_TOO_EARLY_ONPATH_total_count,             0
ICACHE_MISS_TOO_EARLY_ONPATH_total_pct,        0.000

ICACHE_MISS_TOO_EARLY_OFFPATH_count,             0
ICACHE_MISS_TOO_EARLY_OFFPATH_pct,        0.000
ICACHE_MISS_TOO_EARLY_OFFPATH_total_count,             0
ICACHE_MISS_TOO_EARLY_OFFPATH_total_pct,        0.000

ICACHE_MISS_NOT_PREFETCHED_ONPATH_count,             5
ICACHE_MISS_NOT_PREFETCHED_ONPATH_pct,        0.018
ICACHE_MISS_NOT_PREFETCHED_ONPATH_total_count,            18
ICACHE_MISS_NOT_PREFETCHED_ONPATH_total_pct,        0.030

ICACHE_MISS_NOT_PREFETCHED_OFFPATH_count,            28
ICACHE_MISS_NOT_PREFETCHED_OFFPATH_pct,        0.100
ICACHE_MISS_NOT_PREFETCHED_OFFPATH_total_count,           186
ICACHE_MISS_NOT_PREFETCHED_OFFPATH_total_pct,        0.306
ICACHE_MISS_NOT_PREFETCHED_OFFPATH_sum_count,         28132
ICACHE_MISS_NOT_PREFETCHED_OFFPATH_sum_pct,      100.000
ICACHE_MISS_NOT_PREFETCHED_OFFPATH_sum_total_count,         60769
ICACHE_MISS_NOT_PREFETCHED_OFFPATH_sum_total_pct,      100.000
ICACHE_MISS_NOT_PREFETCHED_OFFPATH_mean,         0.69
ICACHE_MISS_NOT_PREFETCHED_OFFPATH_stddev,         0.52
ICACHE_MISS_NOT_PREFETCHED_OFFPATH_total_mean,         0.76
ICACHE_MISS_NOT_PREFETCHED_OFFPATH_total_stddev,         0.59

ICACHE_UNIQUE_MISSED_LINES_count,             0
ICACHE_UNIQUE_MISSED_LINES_total_count,             0

ICACHE_UNIQUE_HIT_LINES_count,             0
ICACHE_UNIQUE_HIT_LINES_total_count,             0

ICACHE_OVERTAKE_FDIP_count,             0
ICACHE_OVERTAKE_FDIP_total_count,             0

UOP_CACHE_MISS_count,             0
UOP_CACHE_MISS_pct,         -nan
UOP_CACHE_MISS_total_count,             0
UOP_CACHE_MISS_total_pct,         -nan

UOP_CACHE_HIT_count,             0
UOP_CACHE_HIT_pct,         -nan
UOP_CACHE_HIT_total_count,             0
UOP_CACHE_HIT_total_pct,         -nan
UOP_CACHE_HIT_sum_count,             0
UOP_CACHE_HIT_sum_pct,         -nan
UOP_CACHE_HIT_sum_total_count,             0
UOP_CACHE_HIT_sum_total_pct,         -nan
UOP_CACHE_HIT_mean,         -nan
UOP_CACHE_HIT_stddev,         -nan
UOP_CACHE_HIT_total_mean,         -nan
UOP_CACHE_HIT_total_stddev,         -nan

UOP_CACHE_MISS_ONPATH_count,             0
UOP_CACHE_MISS_ONPATH_pct,         -nan
UOP_CACHE_MISS_ONPATH_total_count,             0
UOP_CACHE_MISS_ONPATH_total_pct,         -nan

UOP_CACHE_MISS_OFFPATH_count,             0
UOP_CACHE_MISS_OFFPATH_pct,         -nan
UOP_CACHE_MISS_OFFPATH_total_count,             0
UOP_CACHE_MISS_OFFPATH_total_pct,         -nan
UOP_CACHE_MISS_OFFPATH_sum_count,             0
UOP_CACHE_MISS_OFFPATH_sum_pct,         -nan
UOP_CACHE_MISS_OFFPATH_sum_total_count,             0
UOP_CACHE_MISS_OFFPATH_sum_total_pct,         -nan
UOP_CACHE_MISS_OFFPATH_mean,         -nan
UOP_CACHE_MISS_OFFPATH_stddev,         -nan
UOP_CACHE_MISS_OFFPATH_total_mean,         -nan
UOP_CACHE_MISS_OFFPATH_total_stddev,         -nan

UOP_CACHE_HIT_ONPATH_count,             0
UOP_CACHE_HIT_ONPATH_pct,         -nan
UOP_CACHE_HIT_ONPATH_total_count,             0
UOP_CACHE_HIT_ONPATH_total_pct,         -nan

UOP_CACHE_HIT_OFFPATH_count,             0
UOP_CACHE_HIT_OFFPATH_pct,         -nan
UOP_CACHE_HIT_OFFPATH_total_count,             0
UOP_CACHE_HIT_OFFPATH_total_pct,         -nan
UOP_CACHE_HIT_OFFPATH_sum_count,             0
UOP_CACHE_HIT_OFFPATH_sum_pct,         -nan
UOP_CACHE_HIT_OFFPATH_sum_total_count,             0
UOP_CACHE_HIT_OFFPATH_sum_total_pct,         -nan
UOP_CACHE_HIT_OFFPATH_mean,         -nan
UOP_CACHE_HIT_OFFPATH_stddev,         -nan
UOP_CACHE_HIT_OFFPATH_total_mean,         -nan
UOP_CACHE_HIT_OFFPATH_total_stddev,         -nan

UOP_CACHE_PWS_INSERTED_ONPATH_count,             0
UOP_CACHE_PWS_INSERTED_ONPATH_pct,         -nan
UOP_CACHE_PWS_INSERTED_ONPATH_total_count,             0
UOP_CACHE_PWS_INSERTED_ONPATH_total_pct,         -nan

UOP_CACHE_PWS_INSERTED_OFFPATH_count,             0
UOP_CACHE_PWS_INSERTED_OFFPATH_pct,         -nan
UOP_CACHE_PWS_INSERTED_OFFPATH_total_count,             0
UOP_CACHE_PWS_INSERTED_OFFPATH_total_pct,         -nan
UOP_CACHE_PWS_INSERTED_OFFPATH_sum_count,             0
UOP_CACHE_PWS_INSERTED_OFFPATH_sum_pct,         -nan
UOP_CACHE_PWS_INSERTED_OFFPATH_sum_total_count,             0
UOP_CACHE_PWS_INSERTED_OFFPATH_sum_total_pct,         -nan
UOP_CACHE_PWS_INSERTED_OFFPATH_mean,         -nan
UOP_CACHE_PWS_INSERTED_OFFPATH_stddev,         -nan
UOP_CACHE_PWS_INSERTED_OFFPATH_total_mean,         -nan
UOP_CACHE_PWS_INSERTED_OFFPATH_total_stddev,         -nan

UOP_CACHE_LINES_INSERTED_ONPATH_count,             0
UOP_CACHE_LINES_INSERTED_ONPATH_pct,         -nan
UOP_CACHE_LINES_INSERTED_ONPATH_total_count,             0
UOP_CACHE_LINES_INSERTED_ONPATH_total_pct,         -nan

UOP_CACHE_LINES_INSERTED_OFFPATH_count,             0
UOP_CACHE_LINES_INSERTED_OFFPATH_pct,         -nan
UOP_CACHE_LINES_INSERTED_OFFPATH_total_count,             0
UOP_CACHE_LINES_INSERTED_OFFPATH_total_pct,         -nan
UOP_CACHE_LINES_INSERTED_OFFPATH_sum_count,             0
UOP_CACHE_LINES_INSERTED_OFFPATH_sum_pct,         -nan
UOP_CACHE_LINES_INSERTED_OFFPATH_sum_total_count,             0
UOP_CACHE_LINES_INSERTED_OFFPATH_sum_total_pct,         -nan
UOP_CACHE_LINES_INSERTED_OFFPATH_mean,         -nan
UOP_CACHE_LINES_INSERTED_OFFPATH_stddev,         -nan
UOP_CACHE_LINES_INSERTED_OFFPATH_total_mean,         -nan
UOP_CACHE_LINES_INSERTED_OFFPATH_total_stddev,         -nan

UOP_CACHE_LINES_INSERTED_ONPATH_USED_ONP_count,             0
UOP_CACHE_LINES_INSERTED_ONPATH_USED_ONP_total_count,             0

UOP_CACHE_LINES_INSERTED_OFFPATH_USED_ON_count,             0
UOP_CACHE_LINES_INSERTED_OFFPATH_USED_ON_total_count,             0

UOP_CACHE_PREFETCH_count,             0
UOP_CACHE_PREFETCH_total_count,             0

UOP_CACHE_HIT_NO_PREFETCH_count,             0
UOP_CACHE_HIT_NO_PREFETCH_total_count,             0

UOP_CACHE_PW_INSERT_FAILED_OFFPATH_count,             0
UOP_CACHE_PW_INSERT_FAILED_OFFPATH_total_count,             0

UOP_CACHE_PW_INSERT_FAILED_TOO_LONG_count,             0
UOP_CACHE_PW_INSERT_FAILED_TOO_LONG_total_count,             0

UOP_CACHE_PW_INSERT_FAILED_CACHE_HIT_count,             0
UOP_CACHE_PW_INSERT_FAILED_CACHE_HIT_total_count,             0

RECOVER_AT_DECODE_BR_FROM_UOC_count,             0
RECOVER_AT_DECODE_BR_FROM_UOC_total_count,             0

RECOVERED_FROM_UOC_count,             0
RECOVERED_FROM_UOC_total_count,             0

UOP_CACHE_ICACHE_SWITCH_BR_NOT_TAKEN_RES_count,             0
UOP_CACHE_ICACHE_SWITCH_BR_NOT_TAKEN_RES_pct,         -nan
UOP_CACHE_ICACHE_SWITCH_BR_NOT_TAKEN_RES_total_count,             0
UOP_CACHE_ICACHE_SWITCH_BR_NOT_TAKEN_RES_total_pct,         -nan

UOP_CACHE_ICACHE_SWITCH_BR_NOT_TAKEN_COR_count,             0
UOP_CACHE_ICACHE_SWITCH_BR_NOT_TAKEN_COR_pct,         -nan
UOP_CACHE_ICACHE_SWITCH_BR_NOT_TAKEN_COR_total_count,             0
UOP_CACHE_ICACHE_SWITCH_BR_NOT_TAKEN_COR_total_pct,         -nan

UOP_CACHE_ICACHE_SWITCH_BR_TAKEN_RESTEER_count,             0
UOP_CACHE_ICACHE_SWITCH_BR_TAKEN_RESTEER_pct,         -nan
UOP_CACHE_ICACHE_SWITCH_BR_TAKEN_RESTEER_total_count,             0
UOP_CACHE_ICACHE_SWITCH_BR_TAKEN_RESTEER_total_pct,         -nan

UOP_CACHE_ICACHE_SWITCH_BR_TAKEN_CORRECT_count,             0
UOP_CACHE_ICACHE_SWITCH_BR_TAKEN_CORRECT_pct,         -nan
UOP_CACHE_ICACHE_SWITCH_BR_TAKEN_CORRECT_total_count,             0
UOP_CACHE_ICACHE_SWITCH_BR_TAKEN_CORRECT_total_pct,         -nan
UOP_CACHE_ICACHE_SWITCH_BR_TAKEN_CORRECT_sum_count,             0
UOP_CACHE_ICACHE_SWITCH_BR_TAKEN_CORRECT_sum_pct,         -nan
UOP_CACHE_ICACHE_SWITCH_BR_TAKEN_CORRECT_sum_total_count,             0
UOP_CACHE_ICACHE_SWITCH_BR_TAKEN_CORRECT_sum_total_pct,         -nan
UOP_CACHE_ICACHE_SWITCH_BR_TAKEN_CORRECT_mean,         -nan
UOP_CACHE_ICACHE_SWITCH_BR_TAKEN_CORRECT_stddev,         -nan
UOP_CACHE_ICACHE_SWITCH_BR_TAKEN_CORRECT_total_mean,         -nan
UOP_CACHE_ICACHE_SWITCH_BR_TAKEN_CORRECT_total_stddev,         -nan

UOP_CACHE_ICACHE_SWITCH_UOP_QUEUE_LENGTH_count,             0
UOP_CACHE_ICACHE_SWITCH_UOP_QUEUE_LENGTH_pct,         -nan
UOP_CACHE_ICACHE_SWITCH_UOP_QUEUE_LENGTH_total_count,             0
UOP_CACHE_ICACHE_SWITCH_UOP_QUEUE_LENGTH_total_pct,         -nan

UOP_CACHE_ICACHE_SWITCH_UOP_QUEUE_LENGTH_count,             0
UOP_CACHE_ICACHE_SWITCH_UOP_QUEUE_LENGTH_pct,         -nan
UOP_CACHE_ICACHE_SWITCH_UOP_QUEUE_LENGTH_total_count,             0
UOP_CACHE_ICACHE_SWITCH_UOP_QUEUE_LENGTH_total_pct,         -nan

UOP_CACHE_ICACHE_SWITCH_UOP_QUEUE_LENGTH_count,             0
UOP_CACHE_ICACHE_SWITCH_UOP_QUEUE_LENGTH_pct,         -nan
UOP_CACHE_ICACHE_SWITCH_UOP_QUEUE_LENGTH_total_count,             0
UOP_CACHE_ICACHE_SWITCH_UOP_QUEUE_LENGTH_total_pct,         -nan

UOP_CACHE_ICACHE_SWITCH_UOP_QUEUE_LENGTH_count,             0
UOP_CACHE_ICACHE_SWITCH_UOP_QUEUE_LENGTH_pct,         -nan
UOP_CACHE_ICACHE_SWITCH_UOP_QUEUE_LENGTH_total_count,             0
UOP_CACHE_ICACHE_SWITCH_UOP_QUEUE_LENGTH_total_pct,         -nan

UOP_CACHE_ICACHE_SWITCH_UOP_QUEUE_LENGTH_count,             0
UOP_CACHE_ICACHE_SWITCH_UOP_QUEUE_LENGTH_pct,         -nan
UOP_CACHE_ICACHE_SWITCH_UOP_QUEUE_LENGTH_total_count,             0
UOP_CACHE_ICACHE_SWITCH_UOP_QUEUE_LENGTH_total_pct,         -nan

UOP_CACHE_ICACHE_SWITCH_UOP_QUEUE_LENGTH_count,             0
UOP_CACHE_ICACHE_SWITCH_UOP_QUEUE_LENGTH_pct,         -nan
UOP_CACHE_ICACHE_SWITCH_UOP_QUEUE_LENGTH_total_count,             0
UOP_CACHE_ICACHE_SWITCH_UOP_QUEUE_LENGTH_total_pct,         -nan

UOP_CACHE_ICACHE_SWITCH_UOP_QUEUE_LENGTH_count,             0
UOP_CACHE_ICACHE_SWITCH_UOP_QUEUE_LENGTH_pct,         -nan
UOP_CACHE_ICACHE_SWITCH_UOP_QUEUE_LENGTH_total_count,             0
UOP_CACHE_ICACHE_SWITCH_UOP_QUEUE_LENGTH_total_pct,         -nan

UOP_CACHE_ICACHE_SWITCH_UOP_QUEUE_LENGTH_count,             0
UOP_CACHE_ICACHE_SWITCH_UOP_QUEUE_LENGTH_pct,         -nan
UOP_CACHE_ICACHE_SWITCH_UOP_QUEUE_LENGTH_total_count,             0
UOP_CACHE_ICACHE_SWITCH_UOP_QUEUE_LENGTH_total_pct,         -nan

UOP_CACHE_ICACHE_SWITCH_UOP_QUEUE_LENGTH_count,             0
UOP_CACHE_ICACHE_SWITCH_UOP_QUEUE_LENGTH_pct,         -nan
UOP_CACHE_ICACHE_SWITCH_UOP_QUEUE_LENGTH_total_count,             0
UOP_CACHE_ICACHE_SWITCH_UOP_QUEUE_LENGTH_total_pct,         -nan

UOP_CACHE_ICACHE_SWITCH_UOP_QUEUE_LENGTH_count,             0
UOP_CACHE_ICACHE_SWITCH_UOP_QUEUE_LENGTH_pct,         -nan
UOP_CACHE_ICACHE_SWITCH_UOP_QUEUE_LENGTH_total_count,             0
UOP_CACHE_ICACHE_SWITCH_UOP_QUEUE_LENGTH_total_pct,         -nan

UOP_CACHE_ICACHE_SWITCH_UOP_QUEUE_LENGTH_count,             0
UOP_CACHE_ICACHE_SWITCH_UOP_QUEUE_LENGTH_pct,         -nan
UOP_CACHE_ICACHE_SWITCH_UOP_QUEUE_LENGTH_total_count,             0
UOP_CACHE_ICACHE_SWITCH_UOP_QUEUE_LENGTH_total_pct,         -nan

UOP_CACHE_ICACHE_SWITCH_UOP_QUEUE_LENGTH_count,             0
UOP_CACHE_ICACHE_SWITCH_UOP_QUEUE_LENGTH_pct,         -nan
UOP_CACHE_ICACHE_SWITCH_UOP_QUEUE_LENGTH_total_count,             0
UOP_CACHE_ICACHE_SWITCH_UOP_QUEUE_LENGTH_total_pct,         -nan

UOP_CACHE_ICACHE_SWITCH_UOP_QUEUE_LENGTH_count,             0
UOP_CACHE_ICACHE_SWITCH_UOP_QUEUE_LENGTH_pct,         -nan
UOP_CACHE_ICACHE_SWITCH_UOP_QUEUE_LENGTH_total_count,             0
UOP_CACHE_ICACHE_SWITCH_UOP_QUEUE_LENGTH_total_pct,         -nan

UOP_CACHE_ICACHE_SWITCH_UOP_QUEUE_LENGTH_count,             0
UOP_CACHE_ICACHE_SWITCH_UOP_QUEUE_LENGTH_pct,         -nan
UOP_CACHE_ICACHE_SWITCH_UOP_QUEUE_LENGTH_total_count,             0
UOP_CACHE_ICACHE_SWITCH_UOP_QUEUE_LENGTH_total_pct,         -nan

UOP_CACHE_ICACHE_SWITCH_UOP_QUEUE_LENGTH_count,             0
UOP_CACHE_ICACHE_SWITCH_UOP_QUEUE_LENGTH_pct,         -nan
UOP_CACHE_ICACHE_SWITCH_UOP_QUEUE_LENGTH_total_count,             0
UOP_CACHE_ICACHE_SWITCH_UOP_QUEUE_LENGTH_total_pct,         -nan

UOP_CACHE_ICACHE_SWITCH_UOP_QUEUE_LENGTH_count,             0
UOP_CACHE_ICACHE_SWITCH_UOP_QUEUE_LENGTH_pct,         -nan
UOP_CACHE_ICACHE_SWITCH_UOP_QUEUE_LENGTH_total_count,             0
UOP_CACHE_ICACHE_SWITCH_UOP_QUEUE_LENGTH_total_pct,         -nan

UOP_CACHE_ICACHE_SWITCH_UOP_QUEUE_LENGTH_count,             0
UOP_CACHE_ICACHE_SWITCH_UOP_QUEUE_LENGTH_pct,         -nan
UOP_CACHE_ICACHE_SWITCH_UOP_QUEUE_LENGTH_total_count,             0
UOP_CACHE_ICACHE_SWITCH_UOP_QUEUE_LENGTH_total_pct,         -nan

UOP_CACHE_ICACHE_SWITCH_UOP_QUEUE_LENGTH_count,             0
UOP_CACHE_ICACHE_SWITCH_UOP_QUEUE_LENGTH_pct,         -nan
UOP_CACHE_ICACHE_SWITCH_UOP_QUEUE_LENGTH_total_count,             0
UOP_CACHE_ICACHE_SWITCH_UOP_QUEUE_LENGTH_total_pct,         -nan

UOP_CACHE_ICACHE_SWITCH_UOP_QUEUE_LENGTH_count,             0
UOP_CACHE_ICACHE_SWITCH_UOP_QUEUE_LENGTH_pct,         -nan
UOP_CACHE_ICACHE_SWITCH_UOP_QUEUE_LENGTH_total_count,             0
UOP_CACHE_ICACHE_SWITCH_UOP_QUEUE_LENGTH_total_pct,         -nan

UOP_CACHE_ICACHE_SWITCH_UOP_QUEUE_LENGTH_count,             0
UOP_CACHE_ICACHE_SWITCH_UOP_QUEUE_LENGTH_pct,         -nan
UOP_CACHE_ICACHE_SWITCH_UOP_QUEUE_LENGTH_total_count,             0
UOP_CACHE_ICACHE_SWITCH_UOP_QUEUE_LENGTH_total_pct,         -nan

UOP_CACHE_ICACHE_SWITCH_UOP_QUEUE_LENGTH_count,             0
UOP_CACHE_ICACHE_SWITCH_UOP_QUEUE_LENGTH_pct,         -nan
UOP_CACHE_ICACHE_SWITCH_UOP_QUEUE_LENGTH_total_count,             0
UOP_CACHE_ICACHE_SWITCH_UOP_QUEUE_LENGTH_total_pct,         -nan
UOP_CACHE_ICACHE_SWITCH_UOP_QUEUE_LENGTH_sum_count,             0
UOP_CACHE_ICACHE_SWITCH_UOP_QUEUE_LENGTH_sum_pct,         -nan
UOP_CACHE_ICACHE_SWITCH_UOP_QUEUE_LENGTH_sum_total_count,             0
UOP_CACHE_ICACHE_SWITCH_UOP_QUEUE_LENGTH_sum_total_pct,         -nan
UOP_CACHE_ICACHE_SWITCH_UOP_QUEUE_LENGTH_mean,         -nan
UOP_CACHE_ICACHE_SWITCH_UOP_QUEUE_LENGTH_stddev,         -nan
UOP_CACHE_ICACHE_SWITCH_UOP_QUEUE_LENGTH_total_mean,         -nan
UOP_CACHE_ICACHE_SWITCH_UOP_QUEUE_LENGTH_total_stddev,         -nan

UOP_CACHE_ICACHE_SWITCH_UOP_QUEUE_LENGTH_count,             0
UOP_CACHE_ICACHE_SWITCH_UOP_QUEUE_LENGTH_pct,         -nan
UOP_CACHE_ICACHE_SWITCH_UOP_QUEUE_LENGTH_total_count,             0
UOP_CACHE_ICACHE_SWITCH_UOP_QUEUE_LENGTH_total_pct,         -nan

UOP_CACHE_ICACHE_SWITCH_UOP_QUEUE_LENGTH_count,             0
UOP_CACHE_ICACHE_SWITCH_UOP_QUEUE_LENGTH_pct,         -nan
UOP_CACHE_ICACHE_SWITCH_UOP_QUEUE_LENGTH_total_count,             0
UOP_CACHE_ICACHE_SWITCH_UOP_QUEUE_LENGTH_total_pct,         -nan

UOP_CACHE_ICACHE_SWITCH_UOP_QUEUE_LENGTH_count,             0
UOP_CACHE_ICACHE_SWITCH_UOP_QUEUE_LENGTH_pct,         -nan
UOP_CACHE_ICACHE_SWITCH_UOP_QUEUE_LENGTH_total_count,             0
UOP_CACHE_ICACHE_SWITCH_UOP_QUEUE_LENGTH_total_pct,         -nan

UOP_CACHE_ICACHE_SWITCH_UOP_QUEUE_LENGTH_count,             0
UOP_CACHE_ICACHE_SWITCH_UOP_QUEUE_LENGTH_pct,         -nan
UOP_CACHE_ICACHE_SWITCH_UOP_QUEUE_LENGTH_total_count,             0
UOP_CACHE_ICACHE_SWITCH_UOP_QUEUE_LENGTH_total_pct,         -nan

UOP_CACHE_ICACHE_SWITCH_UOP_QUEUE_LENGTH_count,             0
UOP_CACHE_ICACHE_SWITCH_UOP_QUEUE_LENGTH_pct,         -nan
UOP_CACHE_ICACHE_SWITCH_UOP_QUEUE_LENGTH_total_count,             0
UOP_CACHE_ICACHE_SWITCH_UOP_QUEUE_LENGTH_total_pct,         -nan

UOP_CACHE_ICACHE_SWITCH_UOP_QUEUE_LENGTH_count,             0
UOP_CACHE_ICACHE_SWITCH_UOP_QUEUE_LENGTH_pct,         -nan
UOP_CACHE_ICACHE_SWITCH_UOP_QUEUE_LENGTH_total_count,             0
UOP_CACHE_ICACHE_SWITCH_UOP_QUEUE_LENGTH_total_pct,         -nan

UOP_CACHE_ICACHE_SWITCH_UOP_QUEUE_LENGTH_count,             0
UOP_CACHE_ICACHE_SWITCH_UOP_QUEUE_LENGTH_pct,         -nan
UOP_CACHE_ICACHE_SWITCH_UOP_QUEUE_LENGTH_total_count,             0
UOP_CACHE_ICACHE_SWITCH_UOP_QUEUE_LENGTH_total_pct,         -nan

UOP_CACHE_ICACHE_SWITCH_UOP_QUEUE_LENGTH_count,             0
UOP_CACHE_ICACHE_SWITCH_UOP_QUEUE_LENGTH_pct,         -nan
UOP_CACHE_ICACHE_SWITCH_UOP_QUEUE_LENGTH_total_count,             0
UOP_CACHE_ICACHE_SWITCH_UOP_QUEUE_LENGTH_total_pct,         -nan

UOP_CACHE_ICACHE_SWITCH_UOP_QUEUE_LENGTH_count,             0
UOP_CACHE_ICACHE_SWITCH_UOP_QUEUE_LENGTH_pct,         -nan
UOP_CACHE_ICACHE_SWITCH_UOP_QUEUE_LENGTH_total_count,             0
UOP_CACHE_ICACHE_SWITCH_UOP_QUEUE_LENGTH_total_pct,         -nan

UOP_CACHE_ICACHE_SWITCH_UOP_QUEUE_LENGTH_count,             0
UOP_CACHE_ICACHE_SWITCH_UOP_QUEUE_LENGTH_pct,         -nan
UOP_CACHE_ICACHE_SWITCH_UOP_QUEUE_LENGTH_total_count,             0
UOP_CACHE_ICACHE_SWITCH_UOP_QUEUE_LENGTH_total_pct,         -nan

UOP_CACHE_ICACHE_SWITCH_UOP_QUEUE_LENGTH_count,             0
UOP_CACHE_ICACHE_SWITCH_UOP_QUEUE_LENGTH_pct,         -nan
UOP_CACHE_ICACHE_SWITCH_UOP_QUEUE_LENGTH_total_count,             0
UOP_CACHE_ICACHE_SWITCH_UOP_QUEUE_LENGTH_total_pct,         -nan

UOP_CACHE_ICACHE_SWITCH_UOP_QUEUE_LENGTH_count,             0
UOP_CACHE_ICACHE_SWITCH_UOP_QUEUE_LENGTH_pct,         -nan
UOP_CACHE_ICACHE_SWITCH_UOP_QUEUE_LENGTH_total_count,             0
UOP_CACHE_ICACHE_SWITCH_UOP_QUEUE_LENGTH_total_pct,         -nan

UOP_CACHE_ICACHE_SWITCH_UOP_QUEUE_LENGTH_count,             0
UOP_CACHE_ICACHE_SWITCH_UOP_QUEUE_LENGTH_pct,         -nan
UOP_CACHE_ICACHE_SWITCH_UOP_QUEUE_LENGTH_total_count,             0
UOP_CACHE_ICACHE_SWITCH_UOP_QUEUE_LENGTH_total_pct,         -nan

UOP_CACHE_ICACHE_SWITCH_UOP_QUEUE_LENGTH_count,             0
UOP_CACHE_ICACHE_SWITCH_UOP_QUEUE_LENGTH_pct,         -nan
UOP_CACHE_ICACHE_SWITCH_UOP_QUEUE_LENGTH_total_count,             0
UOP_CACHE_ICACHE_SWITCH_UOP_QUEUE_LENGTH_total_pct,         -nan

UOP_CACHE_ICACHE_SWITCH_UOP_QUEUE_LENGTH_count,             0
UOP_CACHE_ICACHE_SWITCH_UOP_QUEUE_LENGTH_pct,         -nan
UOP_CACHE_ICACHE_SWITCH_UOP_QUEUE_LENGTH_total_count,             0
UOP_CACHE_ICACHE_SWITCH_UOP_QUEUE_LENGTH_total_pct,         -nan

UOP_CACHE_ICACHE_SWITCH_UOP_QUEUE_LENGTH_count,             0
UOP_CACHE_ICACHE_SWITCH_UOP_QUEUE_LENGTH_pct,         -nan
UOP_CACHE_ICACHE_SWITCH_UOP_QUEUE_LENGTH_total_count,             0
UOP_CACHE_ICACHE_SWITCH_UOP_QUEUE_LENGTH_total_pct,         -nan

UOP_CACHE_ICACHE_SWITCH_UOP_QUEUE_LENGTH_count,             0
UOP_CACHE_ICACHE_SWITCH_UOP_QUEUE_LENGTH_pct,         -nan
UOP_CACHE_ICACHE_SWITCH_UOP_QUEUE_LENGTH_total_count,             0
UOP_CACHE_ICACHE_SWITCH_UOP_QUEUE_LENGTH_total_pct,         -nan

UOP_CACHE_ICACHE_SWITCH_UOP_QUEUE_LENGTH_count,             0
UOP_CACHE_ICACHE_SWITCH_UOP_QUEUE_LENGTH_pct,         -nan
UOP_CACHE_ICACHE_SWITCH_UOP_QUEUE_LENGTH_total_count,             0
UOP_CACHE_ICACHE_SWITCH_UOP_QUEUE_LENGTH_total_pct,         -nan

UOP_CACHE_ICACHE_SWITCH_UOP_QUEUE_LENGTH_count,             0
UOP_CACHE_ICACHE_SWITCH_UOP_QUEUE_LENGTH_pct,         -nan
UOP_CACHE_ICACHE_SWITCH_UOP_QUEUE_LENGTH_total_count,             0
UOP_CACHE_ICACHE_SWITCH_UOP_QUEUE_LENGTH_total_pct,         -nan

UOP_CACHE_ICACHE_SWITCH_UOP_QUEUE_LENGTH_count,             0
UOP_CACHE_ICACHE_SWITCH_UOP_QUEUE_LENGTH_pct,         -nan
UOP_CACHE_ICACHE_SWITCH_UOP_QUEUE_LENGTH_total_count,             0
UOP_CACHE_ICACHE_SWITCH_UOP_QUEUE_LENGTH_total_pct,         -nan

UOP_CACHE_ICACHE_SWITCH_UOP_QUEUE_LENGTH_count,             0
UOP_CACHE_ICACHE_SWITCH_UOP_QUEUE_LENGTH_pct,         -nan
UOP_CACHE_ICACHE_SWITCH_UOP_QUEUE_LENGTH_total_count,             0
UOP_CACHE_ICACHE_SWITCH_UOP_QUEUE_LENGTH_total_pct,         -nan
UOP_CACHE_ICACHE_SWITCH_UOP_QUEUE_LENGTH_sum_count,             0
UOP_CACHE_ICACHE_SWITCH_UOP_QUEUE_LENGTH_sum_pct,         -nan
UOP_CACHE_ICACHE_SWITCH_UOP_QUEUE_LENGTH_sum_total_count,             0
UOP_CACHE_ICACHE_SWITCH_UOP_QUEUE_LENGTH_sum_total_pct,         -nan
UOP_CACHE_ICACHE_SWITCH_UOP_QUEUE_LENGTH_mean,         -nan
UOP_CACHE_ICACHE_SWITCH_UOP_QUEUE_LENGTH_stddev,         -nan
UOP_CACHE_ICACHE_SWITCH_UOP_QUEUE_LENGTH_total_mean,         -nan
UOP_CACHE_ICACHE_SWITCH_UOP_QUEUE_LENGTH_total_stddev,         -nan

UOP_CACHE_ICACHE_SWITCH_UOP_QUEUE_PLUS_D_count,             0
UOP_CACHE_ICACHE_SWITCH_UOP_QUEUE_PLUS_D_pct,         -nan
UOP_CACHE_ICACHE_SWITCH_UOP_QUEUE_PLUS_D_total_count,             0
UOP_CACHE_ICACHE_SWITCH_UOP_QUEUE_PLUS_D_total_pct,         -nan

UOP_CACHE_ICACHE_SWITCH_UOP_QUEUE_PLUS_D_count,             0
UOP_CACHE_ICACHE_SWITCH_UOP_QUEUE_PLUS_D_pct,         -nan
UOP_CACHE_ICACHE_SWITCH_UOP_QUEUE_PLUS_D_total_count,             0
UOP_CACHE_ICACHE_SWITCH_UOP_QUEUE_PLUS_D_total_pct,         -nan

UOP_CACHE_ICACHE_SWITCH_UOP_QUEUE_PLUS_D_count,             0
UOP_CACHE_ICACHE_SWITCH_UOP_QUEUE_PLUS_D_pct,         -nan
UOP_CACHE_ICACHE_SWITCH_UOP_QUEUE_PLUS_D_total_count,             0
UOP_CACHE_ICACHE_SWITCH_UOP_QUEUE_PLUS_D_total_pct,         -nan

UOP_CACHE_ICACHE_SWITCH_UOP_QUEUE_PLUS_D_count,             0
UOP_CACHE_ICACHE_SWITCH_UOP_QUEUE_PLUS_D_pct,         -nan
UOP_CACHE_ICACHE_SWITCH_UOP_QUEUE_PLUS_D_total_count,             0
UOP_CACHE_ICACHE_SWITCH_UOP_QUEUE_PLUS_D_total_pct,         -nan

UOP_CACHE_ICACHE_SWITCH_UOP_QUEUE_PLUS_D_count,             0
UOP_CACHE_ICACHE_SWITCH_UOP_QUEUE_PLUS_D_pct,         -nan
UOP_CACHE_ICACHE_SWITCH_UOP_QUEUE_PLUS_D_total_count,             0
UOP_CACHE_ICACHE_SWITCH_UOP_QUEUE_PLUS_D_total_pct,         -nan

UOP_CACHE_ICACHE_SWITCH_UOP_QUEUE_PLUS_D_count,             0
UOP_CACHE_ICACHE_SWITCH_UOP_QUEUE_PLUS_D_pct,         -nan
UOP_CACHE_ICACHE_SWITCH_UOP_QUEUE_PLUS_D_total_count,             0
UOP_CACHE_ICACHE_SWITCH_UOP_QUEUE_PLUS_D_total_pct,         -nan

UOP_CACHE_ICACHE_SWITCH_UOP_QUEUE_PLUS_D_count,             0
UOP_CACHE_ICACHE_SWITCH_UOP_QUEUE_PLUS_D_pct,         -nan
UOP_CACHE_ICACHE_SWITCH_UOP_QUEUE_PLUS_D_total_count,             0
UOP_CACHE_ICACHE_SWITCH_UOP_QUEUE_PLUS_D_total_pct,         -nan

UOP_CACHE_ICACHE_SWITCH_UOP_QUEUE_PLUS_D_count,             0
UOP_CACHE_ICACHE_SWITCH_UOP_QUEUE_PLUS_D_pct,         -nan
UOP_CACHE_ICACHE_SWITCH_UOP_QUEUE_PLUS_D_total_count,             0
UOP_CACHE_ICACHE_SWITCH_UOP_QUEUE_PLUS_D_total_pct,         -nan

UOP_CACHE_ICACHE_SWITCH_UOP_QUEUE_PLUS_D_count,             0
UOP_CACHE_ICACHE_SWITCH_UOP_QUEUE_PLUS_D_pct,         -nan
UOP_CACHE_ICACHE_SWITCH_UOP_QUEUE_PLUS_D_total_count,             0
UOP_CACHE_ICACHE_SWITCH_UOP_QUEUE_PLUS_D_total_pct,         -nan

UOP_CACHE_ICACHE_SWITCH_UOP_QUEUE_PLUS_D_count,             0
UOP_CACHE_ICACHE_SWITCH_UOP_QUEUE_PLUS_D_pct,         -nan
UOP_CACHE_ICACHE_SWITCH_UOP_QUEUE_PLUS_D_total_count,             0
UOP_CACHE_ICACHE_SWITCH_UOP_QUEUE_PLUS_D_total_pct,         -nan

UOP_CACHE_ICACHE_SWITCH_UOP_QUEUE_PLUS_D_count,             0
UOP_CACHE_ICACHE_SWITCH_UOP_QUEUE_PLUS_D_pct,         -nan
UOP_CACHE_ICACHE_SWITCH_UOP_QUEUE_PLUS_D_total_count,             0
UOP_CACHE_ICACHE_SWITCH_UOP_QUEUE_PLUS_D_total_pct,         -nan

UOP_CACHE_ICACHE_SWITCH_UOP_QUEUE_PLUS_D_count,             0
UOP_CACHE_ICACHE_SWITCH_UOP_QUEUE_PLUS_D_pct,         -nan
UOP_CACHE_ICACHE_SWITCH_UOP_QUEUE_PLUS_D_total_count,             0
UOP_CACHE_ICACHE_SWITCH_UOP_QUEUE_PLUS_D_total_pct,         -nan

UOP_CACHE_ICACHE_SWITCH_UOP_QUEUE_PLUS_D_count,             0
UOP_CACHE_ICACHE_SWITCH_UOP_QUEUE_PLUS_D_pct,         -nan
UOP_CACHE_ICACHE_SWITCH_UOP_QUEUE_PLUS_D_total_count,             0
UOP_CACHE_ICACHE_SWITCH_UOP_QUEUE_PLUS_D_total_pct,         -nan

UOP_CACHE_ICACHE_SWITCH_UOP_QUEUE_PLUS_D_count,             0
UOP_CACHE_ICACHE_SWITCH_UOP_QUEUE_PLUS_D_pct,         -nan
UOP_CACHE_ICACHE_SWITCH_UOP_QUEUE_PLUS_D_total_count,             0
UOP_CACHE_ICACHE_SWITCH_UOP_QUEUE_PLUS_D_total_pct,         -nan

UOP_CACHE_ICACHE_SWITCH_UOP_QUEUE_PLUS_D_count,             0
UOP_CACHE_ICACHE_SWITCH_UOP_QUEUE_PLUS_D_pct,         -nan
UOP_CACHE_ICACHE_SWITCH_UOP_QUEUE_PLUS_D_total_count,             0
UOP_CACHE_ICACHE_SWITCH_UOP_QUEUE_PLUS_D_total_pct,         -nan

UOP_CACHE_ICACHE_SWITCH_UOP_QUEUE_PLUS_D_count,             0
UOP_CACHE_ICACHE_SWITCH_UOP_QUEUE_PLUS_D_pct,         -nan
UOP_CACHE_ICACHE_SWITCH_UOP_QUEUE_PLUS_D_total_count,             0
UOP_CACHE_ICACHE_SWITCH_UOP_QUEUE_PLUS_D_total_pct,         -nan

UOP_CACHE_ICACHE_SWITCH_UOP_QUEUE_PLUS_D_count,             0
UOP_CACHE_ICACHE_SWITCH_UOP_QUEUE_PLUS_D_pct,         -nan
UOP_CACHE_ICACHE_SWITCH_UOP_QUEUE_PLUS_D_total_count,             0
UOP_CACHE_ICACHE_SWITCH_UOP_QUEUE_PLUS_D_total_pct,         -nan

UOP_CACHE_ICACHE_SWITCH_UOP_QUEUE_PLUS_D_count,             0
UOP_CACHE_ICACHE_SWITCH_UOP_QUEUE_PLUS_D_pct,         -nan
UOP_CACHE_ICACHE_SWITCH_UOP_QUEUE_PLUS_D_total_count,             0
UOP_CACHE_ICACHE_SWITCH_UOP_QUEUE_PLUS_D_total_pct,         -nan

UOP_CACHE_ICACHE_SWITCH_UOP_QUEUE_PLUS_D_count,             0
UOP_CACHE_ICACHE_SWITCH_UOP_QUEUE_PLUS_D_pct,         -nan
UOP_CACHE_ICACHE_SWITCH_UOP_QUEUE_PLUS_D_total_count,             0
UOP_CACHE_ICACHE_SWITCH_UOP_QUEUE_PLUS_D_total_pct,         -nan

UOP_CACHE_ICACHE_SWITCH_UOP_QUEUE_PLUS_D_count,             0
UOP_CACHE_ICACHE_SWITCH_UOP_QUEUE_PLUS_D_pct,         -nan
UOP_CACHE_ICACHE_SWITCH_UOP_QUEUE_PLUS_D_total_count,             0
UOP_CACHE_ICACHE_SWITCH_UOP_QUEUE_PLUS_D_total_pct,         -nan

UOP_CACHE_ICACHE_SWITCH_UOP_QUEUE_PLUS_D_count,             0
UOP_CACHE_ICACHE_SWITCH_UOP_QUEUE_PLUS_D_pct,         -nan
UOP_CACHE_ICACHE_SWITCH_UOP_QUEUE_PLUS_D_total_count,             0
UOP_CACHE_ICACHE_SWITCH_UOP_QUEUE_PLUS_D_total_pct,         -nan
UOP_CACHE_ICACHE_SWITCH_UOP_QUEUE_PLUS_D_sum_count,             0
UOP_CACHE_ICACHE_SWITCH_UOP_QUEUE_PLUS_D_sum_pct,         -nan
UOP_CACHE_ICACHE_SWITCH_UOP_QUEUE_PLUS_D_sum_total_count,             0
UOP_CACHE_ICACHE_SWITCH_UOP_QUEUE_PLUS_D_sum_total_pct,         -nan
UOP_CACHE_ICACHE_SWITCH_UOP_QUEUE_PLUS_D_mean,         -nan
UOP_CACHE_ICACHE_SWITCH_UOP_QUEUE_PLUS_D_stddev,         -nan
UOP_CACHE_ICACHE_SWITCH_UOP_QUEUE_PLUS_D_total_mean,         -nan
UOP_CACHE_ICACHE_SWITCH_UOP_QUEUE_PLUS_D_total_stddev,         -nan

UOP_CACHE_ICACHE_SWITCH_UOP_QUEUE_PLUS_D_count,             0
UOP_CACHE_ICACHE_SWITCH_UOP_QUEUE_PLUS_D_pct,         -nan
UOP_CACHE_ICACHE_SWITCH_UOP_QUEUE_PLUS_D_total_count,             0
UOP_CACHE_ICACHE_SWITCH_UOP_QUEUE_PLUS_D_total_pct,         -nan

UOP_CACHE_ICACHE_SWITCH_UOP_QUEUE_PLUS_D_count,             0
UOP_CACHE_ICACHE_SWITCH_UOP_QUEUE_PLUS_D_pct,         -nan
UOP_CACHE_ICACHE_SWITCH_UOP_QUEUE_PLUS_D_total_count,             0
UOP_CACHE_ICACHE_SWITCH_UOP_QUEUE_PLUS_D_total_pct,         -nan

UOP_CACHE_ICACHE_SWITCH_UOP_QUEUE_PLUS_D_count,             0
UOP_CACHE_ICACHE_SWITCH_UOP_QUEUE_PLUS_D_pct,         -nan
UOP_CACHE_ICACHE_SWITCH_UOP_QUEUE_PLUS_D_total_count,             0
UOP_CACHE_ICACHE_SWITCH_UOP_QUEUE_PLUS_D_total_pct,         -nan

UOP_CACHE_ICACHE_SWITCH_UOP_QUEUE_PLUS_D_count,             0
UOP_CACHE_ICACHE_SWITCH_UOP_QUEUE_PLUS_D_pct,         -nan
UOP_CACHE_ICACHE_SWITCH_UOP_QUEUE_PLUS_D_total_count,             0
UOP_CACHE_ICACHE_SWITCH_UOP_QUEUE_PLUS_D_total_pct,         -nan

UOP_CACHE_ICACHE_SWITCH_UOP_QUEUE_PLUS_D_count,             0
UOP_CACHE_ICACHE_SWITCH_UOP_QUEUE_PLUS_D_pct,         -nan
UOP_CACHE_ICACHE_SWITCH_UOP_QUEUE_PLUS_D_total_count,             0
UOP_CACHE_ICACHE_SWITCH_UOP_QUEUE_PLUS_D_total_pct,         -nan

UOP_CACHE_ICACHE_SWITCH_UOP_QUEUE_PLUS_D_count,             0
UOP_CACHE_ICACHE_SWITCH_UOP_QUEUE_PLUS_D_pct,         -nan
UOP_CACHE_ICACHE_SWITCH_UOP_QUEUE_PLUS_D_total_count,             0
UOP_CACHE_ICACHE_SWITCH_UOP_QUEUE_PLUS_D_total_pct,         -nan

UOP_CACHE_ICACHE_SWITCH_UOP_QUEUE_PLUS_D_count,             0
UOP_CACHE_ICACHE_SWITCH_UOP_QUEUE_PLUS_D_pct,         -nan
UOP_CACHE_ICACHE_SWITCH_UOP_QUEUE_PLUS_D_total_count,             0
UOP_CACHE_ICACHE_SWITCH_UOP_QUEUE_PLUS_D_total_pct,         -nan

UOP_CACHE_ICACHE_SWITCH_UOP_QUEUE_PLUS_D_count,             0
UOP_CACHE_ICACHE_SWITCH_UOP_QUEUE_PLUS_D_pct,         -nan
UOP_CACHE_ICACHE_SWITCH_UOP_QUEUE_PLUS_D_total_count,             0
UOP_CACHE_ICACHE_SWITCH_UOP_QUEUE_PLUS_D_total_pct,         -nan

UOP_CACHE_ICACHE_SWITCH_UOP_QUEUE_PLUS_D_count,             0
UOP_CACHE_ICACHE_SWITCH_UOP_QUEUE_PLUS_D_pct,         -nan
UOP_CACHE_ICACHE_SWITCH_UOP_QUEUE_PLUS_D_total_count,             0
UOP_CACHE_ICACHE_SWITCH_UOP_QUEUE_PLUS_D_total_pct,         -nan

UOP_CACHE_ICACHE_SWITCH_UOP_QUEUE_PLUS_D_count,             0
UOP_CACHE_ICACHE_SWITCH_UOP_QUEUE_PLUS_D_pct,         -nan
UOP_CACHE_ICACHE_SWITCH_UOP_QUEUE_PLUS_D_total_count,             0
UOP_CACHE_ICACHE_SWITCH_UOP_QUEUE_PLUS_D_total_pct,         -nan

UOP_CACHE_ICACHE_SWITCH_UOP_QUEUE_PLUS_D_count,             0
UOP_CACHE_ICACHE_SWITCH_UOP_QUEUE_PLUS_D_pct,         -nan
UOP_CACHE_ICACHE_SWITCH_UOP_QUEUE_PLUS_D_total_count,             0
UOP_CACHE_ICACHE_SWITCH_UOP_QUEUE_PLUS_D_total_pct,         -nan

UOP_CACHE_ICACHE_SWITCH_UOP_QUEUE_PLUS_D_count,             0
UOP_CACHE_ICACHE_SWITCH_UOP_QUEUE_PLUS_D_pct,         -nan
UOP_CACHE_ICACHE_SWITCH_UOP_QUEUE_PLUS_D_total_count,             0
UOP_CACHE_ICACHE_SWITCH_UOP_QUEUE_PLUS_D_total_pct,         -nan

UOP_CACHE_ICACHE_SWITCH_UOP_QUEUE_PLUS_D_count,             0
UOP_CACHE_ICACHE_SWITCH_UOP_QUEUE_PLUS_D_pct,         -nan
UOP_CACHE_ICACHE_SWITCH_UOP_QUEUE_PLUS_D_total_count,             0
UOP_CACHE_ICACHE_SWITCH_UOP_QUEUE_PLUS_D_total_pct,         -nan

UOP_CACHE_ICACHE_SWITCH_UOP_QUEUE_PLUS_D_count,             0
UOP_CACHE_ICACHE_SWITCH_UOP_QUEUE_PLUS_D_pct,         -nan
UOP_CACHE_ICACHE_SWITCH_UOP_QUEUE_PLUS_D_total_count,             0
UOP_CACHE_ICACHE_SWITCH_UOP_QUEUE_PLUS_D_total_pct,         -nan

UOP_CACHE_ICACHE_SWITCH_UOP_QUEUE_PLUS_D_count,             0
UOP_CACHE_ICACHE_SWITCH_UOP_QUEUE_PLUS_D_pct,         -nan
UOP_CACHE_ICACHE_SWITCH_UOP_QUEUE_PLUS_D_total_count,             0
UOP_CACHE_ICACHE_SWITCH_UOP_QUEUE_PLUS_D_total_pct,         -nan

UOP_CACHE_ICACHE_SWITCH_UOP_QUEUE_PLUS_D_count,             0
UOP_CACHE_ICACHE_SWITCH_UOP_QUEUE_PLUS_D_pct,         -nan
UOP_CACHE_ICACHE_SWITCH_UOP_QUEUE_PLUS_D_total_count,             0
UOP_CACHE_ICACHE_SWITCH_UOP_QUEUE_PLUS_D_total_pct,         -nan

UOP_CACHE_ICACHE_SWITCH_UOP_QUEUE_PLUS_D_count,             0
UOP_CACHE_ICACHE_SWITCH_UOP_QUEUE_PLUS_D_pct,         -nan
UOP_CACHE_ICACHE_SWITCH_UOP_QUEUE_PLUS_D_total_count,             0
UOP_CACHE_ICACHE_SWITCH_UOP_QUEUE_PLUS_D_total_pct,         -nan

UOP_CACHE_ICACHE_SWITCH_UOP_QUEUE_PLUS_D_count,             0
UOP_CACHE_ICACHE_SWITCH_UOP_QUEUE_PLUS_D_pct,         -nan
UOP_CACHE_ICACHE_SWITCH_UOP_QUEUE_PLUS_D_total_count,             0
UOP_CACHE_ICACHE_SWITCH_UOP_QUEUE_PLUS_D_total_pct,         -nan

UOP_CACHE_ICACHE_SWITCH_UOP_QUEUE_PLUS_D_count,             0
UOP_CACHE_ICACHE_SWITCH_UOP_QUEUE_PLUS_D_pct,         -nan
UOP_CACHE_ICACHE_SWITCH_UOP_QUEUE_PLUS_D_total_count,             0
UOP_CACHE_ICACHE_SWITCH_UOP_QUEUE_PLUS_D_total_pct,         -nan

UOP_CACHE_ICACHE_SWITCH_UOP_QUEUE_PLUS_D_count,             0
UOP_CACHE_ICACHE_SWITCH_UOP_QUEUE_PLUS_D_pct,         -nan
UOP_CACHE_ICACHE_SWITCH_UOP_QUEUE_PLUS_D_total_count,             0
UOP_CACHE_ICACHE_SWITCH_UOP_QUEUE_PLUS_D_total_pct,         -nan

UOP_CACHE_ICACHE_SWITCH_UOP_QUEUE_PLUS_D_count,             0
UOP_CACHE_ICACHE_SWITCH_UOP_QUEUE_PLUS_D_pct,         -nan
UOP_CACHE_ICACHE_SWITCH_UOP_QUEUE_PLUS_D_total_count,             0
UOP_CACHE_ICACHE_SWITCH_UOP_QUEUE_PLUS_D_total_pct,         -nan
UOP_CACHE_ICACHE_SWITCH_UOP_QUEUE_PLUS_D_sum_count,             0
UOP_CACHE_ICACHE_SWITCH_UOP_QUEUE_PLUS_D_sum_pct,         -nan
UOP_CACHE_ICACHE_SWITCH_UOP_QUEUE_PLUS_D_sum_total_count,             0
UOP_CACHE_ICACHE_SWITCH_UOP_QUEUE_PLUS_D_sum_total_pct,         -nan
UOP_CACHE_ICACHE_SWITCH_UOP_QUEUE_PLUS_D_mean,         -nan
UOP_CACHE_ICACHE_SWITCH_UOP_QUEUE_PLUS_D_stddev,         -nan
UOP_CACHE_ICACHE_SWITCH_UOP_QUEUE_PLUS_D_total_mean,         -nan
UOP_CACHE_ICACHE_SWITCH_UOP_QUEUE_PLUS_D_total_stddev,         -nan

BF_UOP_CACHE_MISS_UOP_QUEUE_LENGTH_0_count,             0
BF_UOP_CACHE_MISS_UOP_QUEUE_LENGTH_0_pct,         -nan
BF_UOP_CACHE_MISS_UOP_QUEUE_LENGTH_0_total_count,             0
BF_UOP_CACHE_MISS_UOP_QUEUE_LENGTH_0_total_pct,         -nan

BF_UOP_CACHE_MISS_UOP_QUEUE_LENGTH_1_count,             0
BF_UOP_CACHE_MISS_UOP_QUEUE_LENGTH_1_pct,         -nan
BF_UOP_CACHE_MISS_UOP_QUEUE_LENGTH_1_total_count,             0
BF_UOP_CACHE_MISS_UOP_QUEUE_LENGTH_1_total_pct,         -nan

BF_UOP_CACHE_MISS_UOP_QUEUE_LENGTH_2_count,             0
BF_UOP_CACHE_MISS_UOP_QUEUE_LENGTH_2_pct,         -nan
BF_UOP_CACHE_MISS_UOP_QUEUE_LENGTH_2_total_count,             0
BF_UOP_CACHE_MISS_UOP_QUEUE_LENGTH_2_total_pct,         -nan

BF_UOP_CACHE_MISS_UOP_QUEUE_LENGTH_3_count,             0
BF_UOP_CACHE_MISS_UOP_QUEUE_LENGTH_3_pct,         -nan
BF_UOP_CACHE_MISS_UOP_QUEUE_LENGTH_3_total_count,             0
BF_UOP_CACHE_MISS_UOP_QUEUE_LENGTH_3_total_pct,         -nan

BF_UOP_CACHE_MISS_UOP_QUEUE_LENGTH_4_count,             0
BF_UOP_CACHE_MISS_UOP_QUEUE_LENGTH_4_pct,         -nan
BF_UOP_CACHE_MISS_UOP_QUEUE_LENGTH_4_total_count,             0
BF_UOP_CACHE_MISS_UOP_QUEUE_LENGTH_4_total_pct,         -nan

BF_UOP_CACHE_MISS_UOP_QUEUE_LENGTH_5_count,             0
BF_UOP_CACHE_MISS_UOP_QUEUE_LENGTH_5_pct,         -nan
BF_UOP_CACHE_MISS_UOP_QUEUE_LENGTH_5_total_count,             0
BF_UOP_CACHE_MISS_UOP_QUEUE_LENGTH_5_total_pct,         -nan

BF_UOP_CACHE_MISS_UOP_QUEUE_LENGTH_6_count,             0
BF_UOP_CACHE_MISS_UOP_QUEUE_LENGTH_6_pct,         -nan
BF_UOP_CACHE_MISS_UOP_QUEUE_LENGTH_6_total_count,             0
BF_UOP_CACHE_MISS_UOP_QUEUE_LENGTH_6_total_pct,         -nan

BF_UOP_CACHE_MISS_UOP_QUEUE_LENGTH_7_count,             0
BF_UOP_CACHE_MISS_UOP_QUEUE_LENGTH_7_pct,         -nan
BF_UOP_CACHE_MISS_UOP_QUEUE_LENGTH_7_total_count,             0
BF_UOP_CACHE_MISS_UOP_QUEUE_LENGTH_7_total_pct,         -nan

BF_UOP_CACHE_MISS_UOP_QUEUE_LENGTH_8_count,             0
BF_UOP_CACHE_MISS_UOP_QUEUE_LENGTH_8_pct,         -nan
BF_UOP_CACHE_MISS_UOP_QUEUE_LENGTH_8_total_count,             0
BF_UOP_CACHE_MISS_UOP_QUEUE_LENGTH_8_total_pct,         -nan

BF_UOP_CACHE_MISS_UOP_QUEUE_LENGTH_9_count,             0
BF_UOP_CACHE_MISS_UOP_QUEUE_LENGTH_9_pct,         -nan
BF_UOP_CACHE_MISS_UOP_QUEUE_LENGTH_9_total_count,             0
BF_UOP_CACHE_MISS_UOP_QUEUE_LENGTH_9_total_pct,         -nan

BF_UOP_CACHE_MISS_UOP_QUEUE_LENGTH_10_count,             0
BF_UOP_CACHE_MISS_UOP_QUEUE_LENGTH_10_pct,         -nan
BF_UOP_CACHE_MISS_UOP_QUEUE_LENGTH_10_total_count,             0
BF_UOP_CACHE_MISS_UOP_QUEUE_LENGTH_10_total_pct,         -nan

BF_UOP_CACHE_MISS_UOP_QUEUE_LENGTH_11_count,             0
BF_UOP_CACHE_MISS_UOP_QUEUE_LENGTH_11_pct,         -nan
BF_UOP_CACHE_MISS_UOP_QUEUE_LENGTH_11_total_count,             0
BF_UOP_CACHE_MISS_UOP_QUEUE_LENGTH_11_total_pct,         -nan

BF_UOP_CACHE_MISS_UOP_QUEUE_LENGTH_12_count,             0
BF_UOP_CACHE_MISS_UOP_QUEUE_LENGTH_12_pct,         -nan
BF_UOP_CACHE_MISS_UOP_QUEUE_LENGTH_12_total_count,             0
BF_UOP_CACHE_MISS_UOP_QUEUE_LENGTH_12_total_pct,         -nan

BF_UOP_CACHE_MISS_UOP_QUEUE_LENGTH_13_count,             0
BF_UOP_CACHE_MISS_UOP_QUEUE_LENGTH_13_pct,         -nan
BF_UOP_CACHE_MISS_UOP_QUEUE_LENGTH_13_total_count,             0
BF_UOP_CACHE_MISS_UOP_QUEUE_LENGTH_13_total_pct,         -nan

BF_UOP_CACHE_MISS_UOP_QUEUE_LENGTH_14_count,             0
BF_UOP_CACHE_MISS_UOP_QUEUE_LENGTH_14_pct,         -nan
BF_UOP_CACHE_MISS_UOP_QUEUE_LENGTH_14_total_count,             0
BF_UOP_CACHE_MISS_UOP_QUEUE_LENGTH_14_total_pct,         -nan

BF_UOP_CACHE_MISS_UOP_QUEUE_LENGTH_15_count,             0
BF_UOP_CACHE_MISS_UOP_QUEUE_LENGTH_15_pct,         -nan
BF_UOP_CACHE_MISS_UOP_QUEUE_LENGTH_15_total_count,             0
BF_UOP_CACHE_MISS_UOP_QUEUE_LENGTH_15_total_pct,         -nan

BF_UOP_CACHE_MISS_UOP_QUEUE_LENGTH_16_count,             0
BF_UOP_CACHE_MISS_UOP_QUEUE_LENGTH_16_pct,         -nan
BF_UOP_CACHE_MISS_UOP_QUEUE_LENGTH_16_total_count,             0
BF_UOP_CACHE_MISS_UOP_QUEUE_LENGTH_16_total_pct,         -nan

BF_UOP_CACHE_MISS_UOP_QUEUE_LENGTH_17_count,             0
BF_UOP_CACHE_MISS_UOP_QUEUE_LENGTH_17_pct,         -nan
BF_UOP_CACHE_MISS_UOP_QUEUE_LENGTH_17_total_count,             0
BF_UOP_CACHE_MISS_UOP_QUEUE_LENGTH_17_total_pct,         -nan

BF_UOP_CACHE_MISS_UOP_QUEUE_LENGTH_18_count,             0
BF_UOP_CACHE_MISS_UOP_QUEUE_LENGTH_18_pct,         -nan
BF_UOP_CACHE_MISS_UOP_QUEUE_LENGTH_18_total_count,             0
BF_UOP_CACHE_MISS_UOP_QUEUE_LENGTH_18_total_pct,         -nan

BF_UOP_CACHE_MISS_UOP_QUEUE_LENGTH_19_count,             0
BF_UOP_CACHE_MISS_UOP_QUEUE_LENGTH_19_pct,         -nan
BF_UOP_CACHE_MISS_UOP_QUEUE_LENGTH_19_total_count,             0
BF_UOP_CACHE_MISS_UOP_QUEUE_LENGTH_19_total_pct,         -nan

BF_UOP_CACHE_MISS_UOP_QUEUE_LENGTH_20_count,             0
BF_UOP_CACHE_MISS_UOP_QUEUE_LENGTH_20_pct,         -nan
BF_UOP_CACHE_MISS_UOP_QUEUE_LENGTH_20_total_count,             0
BF_UOP_CACHE_MISS_UOP_QUEUE_LENGTH_20_total_pct,         -nan
BF_UOP_CACHE_MISS_UOP_QUEUE_LENGTH_20_sum_count,             0
BF_UOP_CACHE_MISS_UOP_QUEUE_LENGTH_20_sum_pct,         -nan
BF_UOP_CACHE_MISS_UOP_QUEUE_LENGTH_20_sum_total_count,             0
BF_UOP_CACHE_MISS_UOP_QUEUE_LENGTH_20_sum_total_pct,         -nan
BF_UOP_CACHE_MISS_UOP_QUEUE_LENGTH_20_mean,         -nan
BF_UOP_CACHE_MISS_UOP_QUEUE_LENGTH_20_stddev,         -nan
BF_UOP_CACHE_MISS_UOP_QUEUE_LENGTH_20_total_mean,         -nan
BF_UOP_CACHE_MISS_UOP_QUEUE_LENGTH_20_total_stddev,         -nan

BF_UOP_CACHE_MISS_UOP_QUEUE_PLUS_DECODE__count,             0
BF_UOP_CACHE_MISS_UOP_QUEUE_PLUS_DECODE__pct,         -nan
BF_UOP_CACHE_MISS_UOP_QUEUE_PLUS_DECODE__total_count,             0
BF_UOP_CACHE_MISS_UOP_QUEUE_PLUS_DECODE__total_pct,         -nan

BF_UOP_CACHE_MISS_UOP_QUEUE_PLUS_DECODE__count,             0
BF_UOP_CACHE_MISS_UOP_QUEUE_PLUS_DECODE__pct,         -nan
BF_UOP_CACHE_MISS_UOP_QUEUE_PLUS_DECODE__total_count,             0
BF_UOP_CACHE_MISS_UOP_QUEUE_PLUS_DECODE__total_pct,         -nan

BF_UOP_CACHE_MISS_UOP_QUEUE_PLUS_DECODE__count,             0
BF_UOP_CACHE_MISS_UOP_QUEUE_PLUS_DECODE__pct,         -nan
BF_UOP_CACHE_MISS_UOP_QUEUE_PLUS_DECODE__total_count,             0
BF_UOP_CACHE_MISS_UOP_QUEUE_PLUS_DECODE__total_pct,         -nan

BF_UOP_CACHE_MISS_UOP_QUEUE_PLUS_DECODE__count,             0
BF_UOP_CACHE_MISS_UOP_QUEUE_PLUS_DECODE__pct,         -nan
BF_UOP_CACHE_MISS_UOP_QUEUE_PLUS_DECODE__total_count,             0
BF_UOP_CACHE_MISS_UOP_QUEUE_PLUS_DECODE__total_pct,         -nan

BF_UOP_CACHE_MISS_UOP_QUEUE_PLUS_DECODE__count,             0
BF_UOP_CACHE_MISS_UOP_QUEUE_PLUS_DECODE__pct,         -nan
BF_UOP_CACHE_MISS_UOP_QUEUE_PLUS_DECODE__total_count,             0
BF_UOP_CACHE_MISS_UOP_QUEUE_PLUS_DECODE__total_pct,         -nan

BF_UOP_CACHE_MISS_UOP_QUEUE_PLUS_DECODE__count,             0
BF_UOP_CACHE_MISS_UOP_QUEUE_PLUS_DECODE__pct,         -nan
BF_UOP_CACHE_MISS_UOP_QUEUE_PLUS_DECODE__total_count,             0
BF_UOP_CACHE_MISS_UOP_QUEUE_PLUS_DECODE__total_pct,         -nan

BF_UOP_CACHE_MISS_UOP_QUEUE_PLUS_DECODE__count,             0
BF_UOP_CACHE_MISS_UOP_QUEUE_PLUS_DECODE__pct,         -nan
BF_UOP_CACHE_MISS_UOP_QUEUE_PLUS_DECODE__total_count,             0
BF_UOP_CACHE_MISS_UOP_QUEUE_PLUS_DECODE__total_pct,         -nan

BF_UOP_CACHE_MISS_UOP_QUEUE_PLUS_DECODE__count,             0
BF_UOP_CACHE_MISS_UOP_QUEUE_PLUS_DECODE__pct,         -nan
BF_UOP_CACHE_MISS_UOP_QUEUE_PLUS_DECODE__total_count,             0
BF_UOP_CACHE_MISS_UOP_QUEUE_PLUS_DECODE__total_pct,         -nan

BF_UOP_CACHE_MISS_UOP_QUEUE_PLUS_DECODE__count,             0
BF_UOP_CACHE_MISS_UOP_QUEUE_PLUS_DECODE__pct,         -nan
BF_UOP_CACHE_MISS_UOP_QUEUE_PLUS_DECODE__total_count,             0
BF_UOP_CACHE_MISS_UOP_QUEUE_PLUS_DECODE__total_pct,         -nan

BF_UOP_CACHE_MISS_UOP_QUEUE_PLUS_DECODE__count,             0
BF_UOP_CACHE_MISS_UOP_QUEUE_PLUS_DECODE__pct,         -nan
BF_UOP_CACHE_MISS_UOP_QUEUE_PLUS_DECODE__total_count,             0
BF_UOP_CACHE_MISS_UOP_QUEUE_PLUS_DECODE__total_pct,         -nan

BF_UOP_CACHE_MISS_UOP_QUEUE_PLUS_DECODE__count,             0
BF_UOP_CACHE_MISS_UOP_QUEUE_PLUS_DECODE__pct,         -nan
BF_UOP_CACHE_MISS_UOP_QUEUE_PLUS_DECODE__total_count,             0
BF_UOP_CACHE_MISS_UOP_QUEUE_PLUS_DECODE__total_pct,         -nan

BF_UOP_CACHE_MISS_UOP_QUEUE_PLUS_DECODE__count,             0
BF_UOP_CACHE_MISS_UOP_QUEUE_PLUS_DECODE__pct,         -nan
BF_UOP_CACHE_MISS_UOP_QUEUE_PLUS_DECODE__total_count,             0
BF_UOP_CACHE_MISS_UOP_QUEUE_PLUS_DECODE__total_pct,         -nan

BF_UOP_CACHE_MISS_UOP_QUEUE_PLUS_DECODE__count,             0
BF_UOP_CACHE_MISS_UOP_QUEUE_PLUS_DECODE__pct,         -nan
BF_UOP_CACHE_MISS_UOP_QUEUE_PLUS_DECODE__total_count,             0
BF_UOP_CACHE_MISS_UOP_QUEUE_PLUS_DECODE__total_pct,         -nan

BF_UOP_CACHE_MISS_UOP_QUEUE_PLUS_DECODE__count,             0
BF_UOP_CACHE_MISS_UOP_QUEUE_PLUS_DECODE__pct,         -nan
BF_UOP_CACHE_MISS_UOP_QUEUE_PLUS_DECODE__total_count,             0
BF_UOP_CACHE_MISS_UOP_QUEUE_PLUS_DECODE__total_pct,         -nan

BF_UOP_CACHE_MISS_UOP_QUEUE_PLUS_DECODE__count,             0
BF_UOP_CACHE_MISS_UOP_QUEUE_PLUS_DECODE__pct,         -nan
BF_UOP_CACHE_MISS_UOP_QUEUE_PLUS_DECODE__total_count,             0
BF_UOP_CACHE_MISS_UOP_QUEUE_PLUS_DECODE__total_pct,         -nan

BF_UOP_CACHE_MISS_UOP_QUEUE_PLUS_DECODE__count,             0
BF_UOP_CACHE_MISS_UOP_QUEUE_PLUS_DECODE__pct,         -nan
BF_UOP_CACHE_MISS_UOP_QUEUE_PLUS_DECODE__total_count,             0
BF_UOP_CACHE_MISS_UOP_QUEUE_PLUS_DECODE__total_pct,         -nan

BF_UOP_CACHE_MISS_UOP_QUEUE_PLUS_DECODE__count,             0
BF_UOP_CACHE_MISS_UOP_QUEUE_PLUS_DECODE__pct,         -nan
BF_UOP_CACHE_MISS_UOP_QUEUE_PLUS_DECODE__total_count,             0
BF_UOP_CACHE_MISS_UOP_QUEUE_PLUS_DECODE__total_pct,         -nan

BF_UOP_CACHE_MISS_UOP_QUEUE_PLUS_DECODE__count,             0
BF_UOP_CACHE_MISS_UOP_QUEUE_PLUS_DECODE__pct,         -nan
BF_UOP_CACHE_MISS_UOP_QUEUE_PLUS_DECODE__total_count,             0
BF_UOP_CACHE_MISS_UOP_QUEUE_PLUS_DECODE__total_pct,         -nan

BF_UOP_CACHE_MISS_UOP_QUEUE_PLUS_DECODE__count,             0
BF_UOP_CACHE_MISS_UOP_QUEUE_PLUS_DECODE__pct,         -nan
BF_UOP_CACHE_MISS_UOP_QUEUE_PLUS_DECODE__total_count,             0
BF_UOP_CACHE_MISS_UOP_QUEUE_PLUS_DECODE__total_pct,         -nan

BF_UOP_CACHE_MISS_UOP_QUEUE_PLUS_DECODE__count,             0
BF_UOP_CACHE_MISS_UOP_QUEUE_PLUS_DECODE__pct,         -nan
BF_UOP_CACHE_MISS_UOP_QUEUE_PLUS_DECODE__total_count,             0
BF_UOP_CACHE_MISS_UOP_QUEUE_PLUS_DECODE__total_pct,         -nan

BF_UOP_CACHE_MISS_UOP_QUEUE_PLUS_DECODE__count,             0
BF_UOP_CACHE_MISS_UOP_QUEUE_PLUS_DECODE__pct,         -nan
BF_UOP_CACHE_MISS_UOP_QUEUE_PLUS_DECODE__total_count,             0
BF_UOP_CACHE_MISS_UOP_QUEUE_PLUS_DECODE__total_pct,         -nan
BF_UOP_CACHE_MISS_UOP_QUEUE_PLUS_DECODE__sum_count,             0
BF_UOP_CACHE_MISS_UOP_QUEUE_PLUS_DECODE__sum_pct,         -nan
BF_UOP_CACHE_MISS_UOP_QUEUE_PLUS_DECODE__sum_total_count,             0
BF_UOP_CACHE_MISS_UOP_QUEUE_PLUS_DECODE__sum_total_pct,         -nan
BF_UOP_CACHE_MISS_UOP_QUEUE_PLUS_DECODE__mean,         -nan
BF_UOP_CACHE_MISS_UOP_QUEUE_PLUS_DECODE__stddev,         -nan
BF_UOP_CACHE_MISS_UOP_QUEUE_PLUS_DECODE__total_mean,         -nan
BF_UOP_CACHE_MISS_UOP_QUEUE_PLUS_DECODE__total_stddev,         -nan

UOP_CACHE_PW_LENGTH_1_count,             0
UOP_CACHE_PW_LENGTH_1_pct,         -nan
UOP_CACHE_PW_LENGTH_1_total_count,             0
UOP_CACHE_PW_LENGTH_1_total_pct,         -nan

UOP_CACHE_PW_LENGTH_2_count,             0
UOP_CACHE_PW_LENGTH_2_pct,         -nan
UOP_CACHE_PW_LENGTH_2_total_count,             0
UOP_CACHE_PW_LENGTH_2_total_pct,         -nan

UOP_CACHE_PW_LENGTH_3_count,             0
UOP_CACHE_PW_LENGTH_3_pct,         -nan
UOP_CACHE_PW_LENGTH_3_total_count,             0
UOP_CACHE_PW_LENGTH_3_total_pct,         -nan

UOP_CACHE_PW_LENGTH_4_count,             0
UOP_CACHE_PW_LENGTH_4_pct,         -nan
UOP_CACHE_PW_LENGTH_4_total_count,             0
UOP_CACHE_PW_LENGTH_4_total_pct,         -nan

UOP_CACHE_PW_LENGTH_5_count,             0
UOP_CACHE_PW_LENGTH_5_pct,         -nan
UOP_CACHE_PW_LENGTH_5_total_count,             0
UOP_CACHE_PW_LENGTH_5_total_pct,         -nan

UOP_CACHE_PW_LENGTH_6_count,             0
UOP_CACHE_PW_LENGTH_6_pct,         -nan
UOP_CACHE_PW_LENGTH_6_total_count,             0
UOP_CACHE_PW_LENGTH_6_total_pct,         -nan

UOP_CACHE_PW_LENGTH_7_count,             0
UOP_CACHE_PW_LENGTH_7_pct,         -nan
UOP_CACHE_PW_LENGTH_7_total_count,             0
UOP_CACHE_PW_LENGTH_7_total_pct,         -nan

UOP_CACHE_PW_LENGTH_8_count,             0
UOP_CACHE_PW_LENGTH_8_pct,         -nan
UOP_CACHE_PW_LENGTH_8_total_count,             0
UOP_CACHE_PW_LENGTH_8_total_pct,         -nan

UOP_CACHE_PW_LENGTH_9_count,             0
UOP_CACHE_PW_LENGTH_9_pct,         -nan
UOP_CACHE_PW_LENGTH_9_total_count,             0
UOP_CACHE_PW_LENGTH_9_total_pct,         -nan

UOP_CACHE_PW_LENGTH_10_count,             0
UOP_CACHE_PW_LENGTH_10_pct,         -nan
UOP_CACHE_PW_LENGTH_10_total_count,             0
UOP_CACHE_PW_LENGTH_10_total_pct,         -nan

UOP_CACHE_PW_LENGTH_11_count,             0
UOP_CACHE_PW_LENGTH_11_pct,         -nan
UOP_CACHE_PW_LENGTH_11_total_count,             0
UOP_CACHE_PW_LENGTH_11_total_pct,         -nan

UOP_CACHE_PW_LENGTH_12_count,             0
UOP_CACHE_PW_LENGTH_12_pct,         -nan
UOP_CACHE_PW_LENGTH_12_total_count,             0
UOP_CACHE_PW_LENGTH_12_total_pct,         -nan

UOP_CACHE_PW_LENGTH_13_count,             0
UOP_CACHE_PW_LENGTH_13_pct,         -nan
UOP_CACHE_PW_LENGTH_13_total_count,             0
UOP_CACHE_PW_LENGTH_13_total_pct,         -nan

UOP_CACHE_PW_LENGTH_14_count,             0
UOP_CACHE_PW_LENGTH_14_pct,         -nan
UOP_CACHE_PW_LENGTH_14_total_count,             0
UOP_CACHE_PW_LENGTH_14_total_pct,         -nan

UOP_CACHE_PW_LENGTH_15_count,             0
UOP_CACHE_PW_LENGTH_15_pct,         -nan
UOP_CACHE_PW_LENGTH_15_total_count,             0
UOP_CACHE_PW_LENGTH_15_total_pct,         -nan

UOP_CACHE_PW_LENGTH_16_count,             0
UOP_CACHE_PW_LENGTH_16_pct,         -nan
UOP_CACHE_PW_LENGTH_16_total_count,             0
UOP_CACHE_PW_LENGTH_16_total_pct,         -nan

UOP_CACHE_PW_LENGTH_17_count,             0
UOP_CACHE_PW_LENGTH_17_pct,         -nan
UOP_CACHE_PW_LENGTH_17_total_count,             0
UOP_CACHE_PW_LENGTH_17_total_pct,         -nan

UOP_CACHE_PW_LENGTH_18_count,             0
UOP_CACHE_PW_LENGTH_18_pct,         -nan
UOP_CACHE_PW_LENGTH_18_total_count,             0
UOP_CACHE_PW_LENGTH_18_total_pct,         -nan

UOP_CACHE_PW_LENGTH_19_count,             0
UOP_CACHE_PW_LENGTH_19_pct,         -nan
UOP_CACHE_PW_LENGTH_19_total_count,             0
UOP_CACHE_PW_LENGTH_19_total_pct,         -nan

UOP_CACHE_PW_LENGTH_20_count,             0
UOP_CACHE_PW_LENGTH_20_pct,         -nan
UOP_CACHE_PW_LENGTH_20_total_count,             0
UOP_CACHE_PW_LENGTH_20_total_pct,         -nan

UOP_CACHE_PW_LENGTH_21_count,             0
UOP_CACHE_PW_LENGTH_21_pct,         -nan
UOP_CACHE_PW_LENGTH_21_total_count,             0
UOP_CACHE_PW_LENGTH_21_total_pct,         -nan

UOP_CACHE_PW_LENGTH_22_count,             0
UOP_CACHE_PW_LENGTH_22_pct,         -nan
UOP_CACHE_PW_LENGTH_22_total_count,             0
UOP_CACHE_PW_LENGTH_22_total_pct,         -nan

UOP_CACHE_PW_LENGTH_23_count,             0
UOP_CACHE_PW_LENGTH_23_pct,         -nan
UOP_CACHE_PW_LENGTH_23_total_count,             0
UOP_CACHE_PW_LENGTH_23_total_pct,         -nan

UOP_CACHE_PW_LENGTH_24_count,             0
UOP_CACHE_PW_LENGTH_24_pct,         -nan
UOP_CACHE_PW_LENGTH_24_total_count,             0
UOP_CACHE_PW_LENGTH_24_total_pct,         -nan

UOP_CACHE_PW_LENGTH_MAX_count,             0
UOP_CACHE_PW_LENGTH_MAX_pct,         -nan
UOP_CACHE_PW_LENGTH_MAX_total_count,             0
UOP_CACHE_PW_LENGTH_MAX_total_pct,         -nan
UOP_CACHE_PW_LENGTH_MAX_sum_count,             0
UOP_CACHE_PW_LENGTH_MAX_sum_pct,         -nan
UOP_CACHE_PW_LENGTH_MAX_sum_total_count,             0
UOP_CACHE_PW_LENGTH_MAX_sum_total_pct,         -nan
UOP_CACHE_PW_LENGTH_MAX_mean,         -nan
UOP_CACHE_PW_LENGTH_MAX_stddev,         -nan
UOP_CACHE_PW_LENGTH_MAX_total_mean,         -nan
UOP_CACHE_PW_LENGTH_MAX_total_stddev,         -nan

UOP_CACHE_PREFETCH_PW_LENGTH_1_count,             0
UOP_CACHE_PREFETCH_PW_LENGTH_1_pct,         -nan
UOP_CACHE_PREFETCH_PW_LENGTH_1_total_count,             0
UOP_CACHE_PREFETCH_PW_LENGTH_1_total_pct,         -nan

UOP_CACHE_PREFETCH_PW_LENGTH_2_count,             0
UOP_CACHE_PREFETCH_PW_LENGTH_2_pct,         -nan
UOP_CACHE_PREFETCH_PW_LENGTH_2_total_count,             0
UOP_CACHE_PREFETCH_PW_LENGTH_2_total_pct,         -nan

UOP_CACHE_PREFETCH_PW_LENGTH_3_count,             0
UOP_CACHE_PREFETCH_PW_LENGTH_3_pct,         -nan
UOP_CACHE_PREFETCH_PW_LENGTH_3_total_count,             0
UOP_CACHE_PREFETCH_PW_LENGTH_3_total_pct,         -nan

UOP_CACHE_PREFETCH_PW_LENGTH_4_count,             0
UOP_CACHE_PREFETCH_PW_LENGTH_4_pct,         -nan
UOP_CACHE_PREFETCH_PW_LENGTH_4_total_count,             0
UOP_CACHE_PREFETCH_PW_LENGTH_4_total_pct,         -nan

UOP_CACHE_PREFETCH_PW_LENGTH_5_count,             0
UOP_CACHE_PREFETCH_PW_LENGTH_5_pct,         -nan
UOP_CACHE_PREFETCH_PW_LENGTH_5_total_count,             0
UOP_CACHE_PREFETCH_PW_LENGTH_5_total_pct,         -nan

UOP_CACHE_PREFETCH_PW_LENGTH_6_count,             0
UOP_CACHE_PREFETCH_PW_LENGTH_6_pct,         -nan
UOP_CACHE_PREFETCH_PW_LENGTH_6_total_count,             0
UOP_CACHE_PREFETCH_PW_LENGTH_6_total_pct,         -nan

UOP_CACHE_PREFETCH_PW_LENGTH_7_count,             0
UOP_CACHE_PREFETCH_PW_LENGTH_7_pct,         -nan
UOP_CACHE_PREFETCH_PW_LENGTH_7_total_count,             0
UOP_CACHE_PREFETCH_PW_LENGTH_7_total_pct,         -nan

UOP_CACHE_PREFETCH_PW_LENGTH_8_count,             0
UOP_CACHE_PREFETCH_PW_LENGTH_8_pct,         -nan
UOP_CACHE_PREFETCH_PW_LENGTH_8_total_count,             0
UOP_CACHE_PREFETCH_PW_LENGTH_8_total_pct,         -nan

UOP_CACHE_PREFETCH_PW_LENGTH_9_count,             0
UOP_CACHE_PREFETCH_PW_LENGTH_9_pct,         -nan
UOP_CACHE_PREFETCH_PW_LENGTH_9_total_count,             0
UOP_CACHE_PREFETCH_PW_LENGTH_9_total_pct,         -nan

UOP_CACHE_PREFETCH_PW_LENGTH_10_count,             0
UOP_CACHE_PREFETCH_PW_LENGTH_10_pct,         -nan
UOP_CACHE_PREFETCH_PW_LENGTH_10_total_count,             0
UOP_CACHE_PREFETCH_PW_LENGTH_10_total_pct,         -nan

UOP_CACHE_PREFETCH_PW_LENGTH_11_count,             0
UOP_CACHE_PREFETCH_PW_LENGTH_11_pct,         -nan
UOP_CACHE_PREFETCH_PW_LENGTH_11_total_count,             0
UOP_CACHE_PREFETCH_PW_LENGTH_11_total_pct,         -nan

UOP_CACHE_PREFETCH_PW_LENGTH_12_count,             0
UOP_CACHE_PREFETCH_PW_LENGTH_12_pct,         -nan
UOP_CACHE_PREFETCH_PW_LENGTH_12_total_count,             0
UOP_CACHE_PREFETCH_PW_LENGTH_12_total_pct,         -nan

UOP_CACHE_PREFETCH_PW_LENGTH_13_count,             0
UOP_CACHE_PREFETCH_PW_LENGTH_13_pct,         -nan
UOP_CACHE_PREFETCH_PW_LENGTH_13_total_count,             0
UOP_CACHE_PREFETCH_PW_LENGTH_13_total_pct,         -nan

UOP_CACHE_PREFETCH_PW_LENGTH_14_count,             0
UOP_CACHE_PREFETCH_PW_LENGTH_14_pct,         -nan
UOP_CACHE_PREFETCH_PW_LENGTH_14_total_count,             0
UOP_CACHE_PREFETCH_PW_LENGTH_14_total_pct,         -nan

UOP_CACHE_PREFETCH_PW_LENGTH_15_count,             0
UOP_CACHE_PREFETCH_PW_LENGTH_15_pct,         -nan
UOP_CACHE_PREFETCH_PW_LENGTH_15_total_count,             0
UOP_CACHE_PREFETCH_PW_LENGTH_15_total_pct,         -nan

UOP_CACHE_PREFETCH_PW_LENGTH_16_count,             0
UOP_CACHE_PREFETCH_PW_LENGTH_16_pct,         -nan
UOP_CACHE_PREFETCH_PW_LENGTH_16_total_count,             0
UOP_CACHE_PREFETCH_PW_LENGTH_16_total_pct,         -nan

UOP_CACHE_PREFETCH_PW_LENGTH_17_count,             0
UOP_CACHE_PREFETCH_PW_LENGTH_17_pct,         -nan
UOP_CACHE_PREFETCH_PW_LENGTH_17_total_count,             0
UOP_CACHE_PREFETCH_PW_LENGTH_17_total_pct,         -nan

UOP_CACHE_PREFETCH_PW_LENGTH_18_count,             0
UOP_CACHE_PREFETCH_PW_LENGTH_18_pct,         -nan
UOP_CACHE_PREFETCH_PW_LENGTH_18_total_count,             0
UOP_CACHE_PREFETCH_PW_LENGTH_18_total_pct,         -nan

UOP_CACHE_PREFETCH_PW_LENGTH_19_count,             0
UOP_CACHE_PREFETCH_PW_LENGTH_19_pct,         -nan
UOP_CACHE_PREFETCH_PW_LENGTH_19_total_count,             0
UOP_CACHE_PREFETCH_PW_LENGTH_19_total_pct,         -nan

UOP_CACHE_PREFETCH_PW_LENGTH_20_count,             0
UOP_CACHE_PREFETCH_PW_LENGTH_20_pct,         -nan
UOP_CACHE_PREFETCH_PW_LENGTH_20_total_count,             0
UOP_CACHE_PREFETCH_PW_LENGTH_20_total_pct,         -nan

UOP_CACHE_PREFETCH_PW_LENGTH_21_count,             0
UOP_CACHE_PREFETCH_PW_LENGTH_21_pct,         -nan
UOP_CACHE_PREFETCH_PW_LENGTH_21_total_count,             0
UOP_CACHE_PREFETCH_PW_LENGTH_21_total_pct,         -nan

UOP_CACHE_PREFETCH_PW_LENGTH_22_count,             0
UOP_CACHE_PREFETCH_PW_LENGTH_22_pct,         -nan
UOP_CACHE_PREFETCH_PW_LENGTH_22_total_count,             0
UOP_CACHE_PREFETCH_PW_LENGTH_22_total_pct,         -nan

UOP_CACHE_PREFETCH_PW_LENGTH_23_count,             0
UOP_CACHE_PREFETCH_PW_LENGTH_23_pct,         -nan
UOP_CACHE_PREFETCH_PW_LENGTH_23_total_count,             0
UOP_CACHE_PREFETCH_PW_LENGTH_23_total_pct,         -nan

UOP_CACHE_PREFETCH_PW_LENGTH_24_count,             0
UOP_CACHE_PREFETCH_PW_LENGTH_24_pct,         -nan
UOP_CACHE_PREFETCH_PW_LENGTH_24_total_count,             0
UOP_CACHE_PREFETCH_PW_LENGTH_24_total_pct,         -nan
UOP_CACHE_PREFETCH_PW_LENGTH_24_sum_count,             0
UOP_CACHE_PREFETCH_PW_LENGTH_24_sum_pct,         -nan
UOP_CACHE_PREFETCH_PW_LENGTH_24_sum_total_count,             0
UOP_CACHE_PREFETCH_PW_LENGTH_24_sum_total_pct,         -nan
UOP_CACHE_PREFETCH_PW_LENGTH_24_mean,         -nan
UOP_CACHE_PREFETCH_PW_LENGTH_24_stddev,         -nan
UOP_CACHE_PREFETCH_PW_LENGTH_24_total_mean,         -nan
UOP_CACHE_PREFETCH_PW_LENGTH_24_total_stddev,         -nan

DCACHE_MISS_count,         95696
DCACHE_MISS_pct,        2.258
DCACHE_MISS_total_count,        198686
DCACHE_MISS_total_pct,        2.374

DCACHE_ST_BUFFER_HIT_count,           901
DCACHE_ST_BUFFER_HIT_pct,        0.021
DCACHE_ST_BUFFER_HIT_total_count,          1884
DCACHE_ST_BUFFER_HIT_total_pct,        0.023

DCACHE_HIT_count,       4141751
DCACHE_HIT_pct,       97.721
DCACHE_HIT_total_count,       8170133
DCACHE_HIT_total_pct,       97.604
DCACHE_HIT_sum_count,       4238348
DCACHE_HIT_sum_pct,      100.000
DCACHE_HIT_sum_total_count,       8370703
DCACHE_HIT_sum_total_pct,      100.000
DCACHE_HIT_mean,         1.95
DCACHE_HIT_stddev,         1.93
DCACHE_HIT_total_mean,         1.95
DCACHE_HIT_total_stddev,         1.93

DCACHE_MISS_ONPATH_count,         95696
DCACHE_MISS_ONPATH_pct,       73.183
DCACHE_MISS_ONPATH_total_count,        198686
DCACHE_MISS_ONPATH_total_pct,       72.487

DCACHE_MISS_OFFPATH_count,         35066
DCACHE_MISS_OFFPATH_pct,       26.817
DCACHE_MISS_OFFPATH_total_count,         75412
DCACHE_MISS_OFFPATH_total_pct,       27.513
DCACHE_MISS_OFFPATH_sum_count,        130762
DCACHE_MISS_OFFPATH_sum_pct,      100.000
DCACHE_MISS_OFFPATH_sum_total_count,        274098
DCACHE_MISS_OFFPATH_sum_total_pct,      100.000
DCACHE_MISS_OFFPATH_mean,         0.27
DCACHE_MISS_OFFPATH_stddev,         0.40
DCACHE_MISS_OFFPATH_total_mean,         0.28
DCACHE_MISS_OFFPATH_total_stddev,         0.41

DCACHE_ST_BUFFER_HIT_ONPATH_count,           901
DCACHE_ST_BUFFER_HIT_ONPATH_pct,       91.194
DCACHE_ST_BUFFER_HIT_ONPATH_total_count,          1884
DCACHE_ST_BUFFER_HIT_ONPATH_total_pct,       92.127

DCACHE_ST_BUFFER_HIT_OFFPATH_count,            87
DCACHE_ST_BUFFER_HIT_OFFPATH_pct,        8.806
DCACHE_ST_BUFFER_HIT_OFFPATH_total_count,           161
DCACHE_ST_BUFFER_HIT_OFFPATH_total_pct,        7.873
DCACHE_ST_BUFFER_HIT_OFFPATH_sum_count,           988
DCACHE_ST_BUFFER_HIT_OFFPATH_sum_pct,      100.000
DCACHE_ST_BUFFER_HIT_OFFPATH_sum_total_count,          2045
DCACHE_ST_BUFFER_HIT_OFFPATH_sum_total_pct,      100.000
DCACHE_ST_BUFFER_HIT_OFFPATH_mean,         0.09
DCACHE_ST_BUFFER_HIT_OFFPATH_stddev,         0.27
DCACHE_ST_BUFFER_HIT_OFFPATH_total_mean,         0.08
DCACHE_ST_BUFFER_HIT_OFFPATH_total_stddev,         0.26

DCACHE_HIT_ONPATH_count,       4141751
DCACHE_HIT_ONPATH_pct,       79.728
DCACHE_HIT_ONPATH_total_count,       8170133
DCACHE_HIT_ONPATH_total_pct,       80.282

DCACHE_HIT_OFFPATH_count,       1053076
DCACHE_HIT_OFFPATH_pct,       20.272
DCACHE_HIT_OFFPATH_total_count,       2006675
DCACHE_HIT_OFFPATH_total_pct,       19.718
DCACHE_HIT_OFFPATH_sum_count,       5194827
DCACHE_HIT_OFFPATH_sum_pct,      100.000
DCACHE_HIT_OFFPATH_sum_total_count,      10176808
DCACHE_HIT_OFFPATH_sum_total_pct,      100.000
DCACHE_HIT_OFFPATH_mean,         0.20
DCACHE_HIT_OFFPATH_stddev,         0.37
DCACHE_HIT_OFFPATH_total_mean,         0.20
DCACHE_HIT_OFFPATH_total_stddev,         0.37

DCACHE_HIT_ONPATH_SAT_BY_OFFPATH_count,           741
DCACHE_HIT_ONPATH_SAT_BY_OFFPATH_pct,        0.018
DCACHE_HIT_ONPATH_SAT_BY_OFFPATH_total_count,          1379
DCACHE_HIT_ONPATH_SAT_BY_OFFPATH_total_pct,        0.017

DCACHE_HIT_ONPATH_SAT_BY_ONPATH_count,       4141010
DCACHE_HIT_ONPATH_SAT_BY_ONPATH_pct,       99.982
DCACHE_HIT_ONPATH_SAT_BY_ONPATH_total_count,       8168754
DCACHE_HIT_ONPATH_SAT_BY_ONPATH_total_pct,       99.983
DCACHE_HIT_ONPATH_SAT_BY_ONPATH_sum_count,       4141751
DCACHE_HIT_ONPATH_SAT_BY_ONPATH_sum_pct,      100.000
DCACHE_HIT_ONPATH_SAT_BY_ONPATH_sum_total_count,       8170133
DCACHE_HIT_ONPATH_SAT_BY_ONPATH_sum_total_pct,      100.000
DCACHE_HIT_ONPATH_SAT_BY_ONPATH_mean,         1.00
DCACHE_HIT_ONPATH_SAT_BY_ONPATH_stddev,         1.00
DCACHE_HIT_ONPATH_SAT_BY_ONPATH_total_mean,         1.00
DCACHE_HIT_ONPATH_SAT_BY_ONPATH_total_stddev,         1.00

DCACHE_HIT_OFFPATH_SAT_BY_OFFPATH_count,          1451
DCACHE_HIT_OFFPATH_SAT_BY_OFFPATH_pct,        0.138
DCACHE_HIT_OFFPATH_SAT_BY_OFFPATH_total_count,          2921
DCACHE_HIT_OFFPATH_SAT_BY_OFFPATH_total_pct,        0.146

DCACHE_HIT_OFFPATH_SAT_BY_ONPATH_count,       1051625
DCACHE_HIT_OFFPATH_SAT_BY_ONPATH_pct,       99.862
DCACHE_HIT_OFFPATH_SAT_BY_ONPATH_total_count,       2003754
DCACHE_HIT_OFFPATH_SAT_BY_ONPATH_total_pct,       99.854
DCACHE_HIT_OFFPATH_SAT_BY_ONPATH_sum_count,       1053076
DCACHE_HIT_OFFPATH_SAT_BY_ONPATH_sum_pct,      100.000
DCACHE_HIT_OFFPATH_SAT_BY_ONPATH_sum_total_count,       2006675
DCACHE_HIT_OFFPATH_SAT_BY_ONPATH_sum_total_pct,      100.000
DCACHE_HIT_OFFPATH_SAT_BY_ONPATH_mean,         1.00
DCACHE_HIT_OFFPATH_SAT_BY_ONPATH_stddev,         1.00
DCACHE_HIT_OFFPATH_SAT_BY_ONPATH_total_mean,         1.00
DCACHE_HIT_OFFPATH_SAT_BY_ONPATH_total_stddev,         1.00

DCACHE_MISS_LD_count,         73939
DCACHE_MISS_LD_pct,       77.264
DCACHE_MISS_LD_total_count,        151881
DCACHE_MISS_LD_total_pct,       76.443

DCACHE_MISS_ST_count,         21757
DCACHE_MISS_ST_pct,       22.736
DCACHE_MISS_ST_total_count,         46805
DCACHE_MISS_ST_total_pct,       23.557
DCACHE_MISS_ST_sum_count,         95696
DCACHE_MISS_ST_sum_pct,      100.000
DCACHE_MISS_ST_sum_total_count,        198686
DCACHE_MISS_ST_sum_total_pct,      100.000
DCACHE_MISS_ST_mean,         0.23
DCACHE_MISS_ST_stddev,         0.38
DCACHE_MISS_ST_total_mean,         0.24
DCACHE_MISS_ST_total_stddev,         0.39

DCACHE_MISS_LD_ONPATH_count,         73939
DCACHE_MISS_LD_ONPATH_pct,       68.241
DCACHE_MISS_LD_ONPATH_total_count,        151881
DCACHE_MISS_LD_ONPATH_total_pct,       67.331

DCACHE_MISS_LD_OFFPATH_count,         34411
DCACHE_MISS_LD_OFFPATH_pct,       31.759
DCACHE_MISS_LD_OFFPATH_total_count,         73692
DCACHE_MISS_LD_OFFPATH_total_pct,       32.669
DCACHE_MISS_LD_OFFPATH_sum_count,        108350
DCACHE_MISS_LD_OFFPATH_sum_pct,      100.000
DCACHE_MISS_LD_OFFPATH_sum_total_count,        225573
DCACHE_MISS_LD_OFFPATH_sum_total_pct,      100.000
DCACHE_MISS_LD_OFFPATH_mean,         0.32
DCACHE_MISS_LD_OFFPATH_stddev,         0.42
DCACHE_MISS_LD_OFFPATH_total_mean,         0.33
DCACHE_MISS_LD_OFFPATH_total_stddev,         0.43

DCACHE_MISS_ST_ONPATH_count,         21757
DCACHE_MISS_ST_ONPATH_pct,       97.077
DCACHE_MISS_ST_ONPATH_total_count,         46805
DCACHE_MISS_ST_ONPATH_total_pct,       96.455

DCACHE_MISS_ST_OFFPATH_count,           655
DCACHE_MISS_ST_OFFPATH_pct,        2.923
DCACHE_MISS_ST_OFFPATH_total_count,          1720
DCACHE_MISS_ST_OFFPATH_total_pct,        3.545
DCACHE_MISS_ST_OFFPATH_sum_count,         22412
DCACHE_MISS_ST_OFFPATH_sum_pct,      100.000
DCACHE_MISS_ST_OFFPATH_sum_total_count,         48525
DCACHE_MISS_ST_OFFPATH_sum_total_pct,      100.000
DCACHE_MISS_ST_OFFPATH_mean,         0.03
DCACHE_MISS_ST_OFFPATH_stddev,         0.17
DCACHE_MISS_ST_OFFPATH_total_mean,         0.04
DCACHE_MISS_ST_OFFPATH_total_stddev,         0.18

DCACHE_MISS_WAITMEM_count,             0
DCACHE_MISS_WAITMEM_total_count,             0

MEM_REQ_ROW_BUFFER_HITS_count,             0
MEM_REQ_ROW_BUFFER_HITS_pct,         -nan
MEM_REQ_ROW_BUFFER_HITS_total_count,             0
MEM_REQ_ROW_BUFFER_HITS_total_pct,         -nan

MEM_REQ_ROW_BUFFER_MISSES_count,             0
MEM_REQ_ROW_BUFFER_MISSES_pct,         -nan
MEM_REQ_ROW_BUFFER_MISSES_total_count,             0
MEM_REQ_ROW_BUFFER_MISSES_total_pct,         -nan

MEM_REQ_ROW_BUFFER_CONFLICTS_count,             0
MEM_REQ_ROW_BUFFER_CONFLICTS_pct,         -nan
MEM_REQ_ROW_BUFFER_CONFLICTS_total_count,             0
MEM_REQ_ROW_BUFFER_CONFLICTS_total_pct,         -nan
MEM_REQ_ROW_BUFFER_CONFLICTS_sum_count,             0
MEM_REQ_ROW_BUFFER_CONFLICTS_sum_pct,         -nan
MEM_REQ_ROW_BUFFER_CONFLICTS_sum_total_count,             0
MEM_REQ_ROW_BUFFER_CONFLICTS_sum_total_pct,         -nan
MEM_REQ_ROW_BUFFER_CONFLICTS_mean,         -nan
MEM_REQ_ROW_BUFFER_CONFLICTS_stddev,         -nan
MEM_REQ_ROW_BUFFER_CONFLICTS_total_mean,         -nan
MEM_REQ_ROW_BUFFER_CONFLICTS_total_stddev,         -nan

SHADOW_ROW_BUFFER_HITS_count,             0
SHADOW_ROW_BUFFER_HITS_total_count,             0

SHADOW_ROW_HIT_STALL_TIME_count,             0
SHADOW_ROW_HIT_STALL_TIME_total_count,             0

CHANNEL0_BUS_BUSY_CYCLES_count,             0
CHANNEL0_BUS_BUSY_CYCLES_pct,         -nan
CHANNEL0_BUS_BUSY_CYCLES_total_count,             0
CHANNEL0_BUS_BUSY_CYCLES_total_pct,         -nan

CHANNEL1_BUS_BUSY_CYCLES_count,             0
CHANNEL1_BUS_BUSY_CYCLES_pct,         -nan
CHANNEL1_BUS_BUSY_CYCLES_total_count,             0
CHANNEL1_BUS_BUSY_CYCLES_total_pct,         -nan

CHANNEL2_BUS_BUSY_CYCLES_count,             0
CHANNEL2_BUS_BUSY_CYCLES_pct,         -nan
CHANNEL2_BUS_BUSY_CYCLES_total_count,             0
CHANNEL2_BUS_BUSY_CYCLES_total_pct,         -nan

CHANNEL3_BUS_BUSY_CYCLES_count,             0
CHANNEL3_BUS_BUSY_CYCLES_pct,         -nan
CHANNEL3_BUS_BUSY_CYCLES_total_count,             0
CHANNEL3_BUS_BUSY_CYCLES_total_pct,         -nan

CHANNEL4_BUS_BUSY_CYCLES_count,             0
CHANNEL4_BUS_BUSY_CYCLES_pct,         -nan
CHANNEL4_BUS_BUSY_CYCLES_total_count,             0
CHANNEL4_BUS_BUSY_CYCLES_total_pct,         -nan

CHANNEL5_BUS_BUSY_CYCLES_count,             0
CHANNEL5_BUS_BUSY_CYCLES_pct,         -nan
CHANNEL5_BUS_BUSY_CYCLES_total_count,             0
CHANNEL5_BUS_BUSY_CYCLES_total_pct,         -nan

CHANNEL6_BUS_BUSY_CYCLES_count,             0
CHANNEL6_BUS_BUSY_CYCLES_pct,         -nan
CHANNEL6_BUS_BUSY_CYCLES_total_count,             0
CHANNEL6_BUS_BUSY_CYCLES_total_pct,         -nan

CHANNEL7_BUS_BUSY_CYCLES_count,             0
CHANNEL7_BUS_BUSY_CYCLES_pct,         -nan
CHANNEL7_BUS_BUSY_CYCLES_total_count,             0
CHANNEL7_BUS_BUSY_CYCLES_total_pct,         -nan
CHANNEL7_BUS_BUSY_CYCLES_sum_count,             0
CHANNEL7_BUS_BUSY_CYCLES_sum_pct,         -nan
CHANNEL7_BUS_BUSY_CYCLES_sum_total_count,             0
CHANNEL7_BUS_BUSY_CYCLES_sum_total_pct,         -nan
CHANNEL7_BUS_BUSY_CYCLES_mean,         -nan
CHANNEL7_BUS_BUSY_CYCLES_stddev,         -nan
CHANNEL7_BUS_BUSY_CYCLES_total_mean,         -nan
CHANNEL7_BUS_BUSY_CYCLES_total_stddev,         -nan

CHANNEL_IDLE_DESPITE_READY_CMD_count,             0
CHANNEL_IDLE_DESPITE_READY_CMD_total_count,             0

MEM_NUM_TOTAL_BUS_CYCLES_count,             0
MEM_NUM_TOTAL_BUS_CYCLES_total_count,             0

MEM_NUM_BANK_BUSY_PER_BUS_CYCLE_count,             0
MEM_NUM_BANK_BUSY_PER_BUS_CYCLE_pct,         -nan
MEM_NUM_BANK_BUSY_PER_BUS_CYCLE_total_count,             0
MEM_NUM_BANK_BUSY_PER_BUS_CYCLE_total_pct,         -nan

CORE_NUM_BANK_BUSY_PER_BUS_CYCLE_count,             0
CORE_NUM_BANK_BUSY_PER_BUS_CYCLE_pct,         -nan
CORE_NUM_BANK_BUSY_PER_BUS_CYCLE_total_count,             0
CORE_NUM_BANK_BUSY_PER_BUS_CYCLE_total_pct,         -nan

CHANNEL0_MEM_NUM_TOTAL_BUS_CYCLES_count,             0
CHANNEL0_MEM_NUM_TOTAL_BUS_CYCLES_pct,         -nan
CHANNEL0_MEM_NUM_TOTAL_BUS_CYCLES_total_count,             0
CHANNEL0_MEM_NUM_TOTAL_BUS_CYCLES_total_pct,         -nan

CHANNEL1_MEM_NUM_TOTAL_BUS_CYCLES_count,             0
CHANNEL1_MEM_NUM_TOTAL_BUS_CYCLES_pct,         -nan
CHANNEL1_MEM_NUM_TOTAL_BUS_CYCLES_total_count,             0
CHANNEL1_MEM_NUM_TOTAL_BUS_CYCLES_total_pct,         -nan

CHANNEL2_MEM_NUM_TOTAL_BUS_CYCLES_count,             0
CHANNEL2_MEM_NUM_TOTAL_BUS_CYCLES_pct,         -nan
CHANNEL2_MEM_NUM_TOTAL_BUS_CYCLES_total_count,             0
CHANNEL2_MEM_NUM_TOTAL_BUS_CYCLES_total_pct,         -nan

CHANNEL3_MEM_NUM_TOTAL_BUS_CYCLES_count,             0
CHANNEL3_MEM_NUM_TOTAL_BUS_CYCLES_pct,         -nan
CHANNEL3_MEM_NUM_TOTAL_BUS_CYCLES_total_count,             0
CHANNEL3_MEM_NUM_TOTAL_BUS_CYCLES_total_pct,         -nan

CHANNEL4_MEM_NUM_TOTAL_BUS_CYCLES_count,             0
CHANNEL4_MEM_NUM_TOTAL_BUS_CYCLES_pct,         -nan
CHANNEL4_MEM_NUM_TOTAL_BUS_CYCLES_total_count,             0
CHANNEL4_MEM_NUM_TOTAL_BUS_CYCLES_total_pct,         -nan

CHANNEL5_MEM_NUM_TOTAL_BUS_CYCLES_count,             0
CHANNEL5_MEM_NUM_TOTAL_BUS_CYCLES_pct,         -nan
CHANNEL5_MEM_NUM_TOTAL_BUS_CYCLES_total_count,             0
CHANNEL5_MEM_NUM_TOTAL_BUS_CYCLES_total_pct,         -nan

CHANNEL6_MEM_NUM_TOTAL_BUS_CYCLES_count,             0
CHANNEL6_MEM_NUM_TOTAL_BUS_CYCLES_pct,         -nan
CHANNEL6_MEM_NUM_TOTAL_BUS_CYCLES_total_count,             0
CHANNEL6_MEM_NUM_TOTAL_BUS_CYCLES_total_pct,         -nan

CHANNEL7_MEM_NUM_TOTAL_BUS_CYCLES_count,             0
CHANNEL7_MEM_NUM_TOTAL_BUS_CYCLES_pct,         -nan
CHANNEL7_MEM_NUM_TOTAL_BUS_CYCLES_total_count,             0
CHANNEL7_MEM_NUM_TOTAL_BUS_CYCLES_total_pct,         -nan
CHANNEL7_MEM_NUM_TOTAL_BUS_CYCLES_sum_count,             0
CHANNEL7_MEM_NUM_TOTAL_BUS_CYCLES_sum_pct,         -nan
CHANNEL7_MEM_NUM_TOTAL_BUS_CYCLES_sum_total_count,             0
CHANNEL7_MEM_NUM_TOTAL_BUS_CYCLES_sum_total_pct,         -nan
CHANNEL7_MEM_NUM_TOTAL_BUS_CYCLES_mean,         -nan
CHANNEL7_MEM_NUM_TOTAL_BUS_CYCLES_stddev,         -nan
CHANNEL7_MEM_NUM_TOTAL_BUS_CYCLES_total_mean,         -nan
CHANNEL7_MEM_NUM_TOTAL_BUS_CYCLES_total_stddev,         -nan

CHANNEL0_MEM_NUM_BANK_BUSY_PER_BUS_CYCLE_count,             0
CHANNEL0_MEM_NUM_BANK_BUSY_PER_BUS_CYCLE_pct,         -nan
CHANNEL0_MEM_NUM_BANK_BUSY_PER_BUS_CYCLE_total_count,             0
CHANNEL0_MEM_NUM_BANK_BUSY_PER_BUS_CYCLE_total_pct,         -nan

CHANNEL1_MEM_NUM_BANK_BUSY_PER_BUS_CYCLE_count,             0
CHANNEL1_MEM_NUM_BANK_BUSY_PER_BUS_CYCLE_pct,         -nan
CHANNEL1_MEM_NUM_BANK_BUSY_PER_BUS_CYCLE_total_count,             0
CHANNEL1_MEM_NUM_BANK_BUSY_PER_BUS_CYCLE_total_pct,         -nan

CHANNEL2_MEM_NUM_BANK_BUSY_PER_BUS_CYCLE_count,             0
CHANNEL2_MEM_NUM_BANK_BUSY_PER_BUS_CYCLE_pct,         -nan
CHANNEL2_MEM_NUM_BANK_BUSY_PER_BUS_CYCLE_total_count,             0
CHANNEL2_MEM_NUM_BANK_BUSY_PER_BUS_CYCLE_total_pct,         -nan

CHANNEL3_MEM_NUM_BANK_BUSY_PER_BUS_CYCLE_count,             0
CHANNEL3_MEM_NUM_BANK_BUSY_PER_BUS_CYCLE_pct,         -nan
CHANNEL3_MEM_NUM_BANK_BUSY_PER_BUS_CYCLE_total_count,             0
CHANNEL3_MEM_NUM_BANK_BUSY_PER_BUS_CYCLE_total_pct,         -nan

CHANNEL4_MEM_NUM_BANK_BUSY_PER_BUS_CYCLE_count,             0
CHANNEL4_MEM_NUM_BANK_BUSY_PER_BUS_CYCLE_pct,         -nan
CHANNEL4_MEM_NUM_BANK_BUSY_PER_BUS_CYCLE_total_count,             0
CHANNEL4_MEM_NUM_BANK_BUSY_PER_BUS_CYCLE_total_pct,         -nan

CHANNEL5_MEM_NUM_BANK_BUSY_PER_BUS_CYCLE_count,             0
CHANNEL5_MEM_NUM_BANK_BUSY_PER_BUS_CYCLE_pct,         -nan
CHANNEL5_MEM_NUM_BANK_BUSY_PER_BUS_CYCLE_total_count,             0
CHANNEL5_MEM_NUM_BANK_BUSY_PER_BUS_CYCLE_total_pct,         -nan

CHANNEL6_MEM_NUM_BANK_BUSY_PER_BUS_CYCLE_count,             0
CHANNEL6_MEM_NUM_BANK_BUSY_PER_BUS_CYCLE_pct,         -nan
CHANNEL6_MEM_NUM_BANK_BUSY_PER_BUS_CYCLE_total_count,             0
CHANNEL6_MEM_NUM_BANK_BUSY_PER_BUS_CYCLE_total_pct,         -nan

CHANNEL7_MEM_NUM_BANK_BUSY_PER_BUS_CYCLE_count,             0
CHANNEL7_MEM_NUM_BANK_BUSY_PER_BUS_CYCLE_pct,         -nan
CHANNEL7_MEM_NUM_BANK_BUSY_PER_BUS_CYCLE_total_count,             0
CHANNEL7_MEM_NUM_BANK_BUSY_PER_BUS_CYCLE_total_pct,         -nan

BUS_DEMAND_ACCESS_count,          7190
BUS_DEMAND_ACCESS_total_count,         19304

BUS_PREF_ACCESS_count,          5795
BUS_PREF_ACCESS_total_count,         13083

BUS_ACCESS_count,             0
BUS_ACCESS_total_count,             0

L1_DEMAND_ACCESS_count,         41649
L1_DEMAND_ACCESS_total_count,         86841

L1_PREF_ACCESS_count,         22024
L1_PREF_ACCESS_total_count,         50849

L1_ACCESS_count,         47962
L1_ACCESS_total_count,        106538

MLC_DEMAND_ACCESS_count,         52176
MLC_DEMAND_ACCESS_total_count,        105820

MLC_PREF_ACCESS_count,         14751
MLC_PREF_ACCESS_total_count,         30380

MLC_ACCESS_count,         66927
MLC_ACCESS_total_count,        136200

L1_HIT_count,          5974
L1_HIT_pct,       45.837
L1_HIT_total_count,         11888
L1_HIT_total_pct,       41.552

L1_MISS_count,          7059
L1_MISS_pct,       54.163
L1_MISS_total_count,         16722
L1_MISS_total_pct,       58.448
L1_MISS_sum_count,         13033
L1_MISS_sum_pct,      100.000
L1_MISS_sum_total_count,         28610
L1_MISS_sum_total_pct,      100.000
L1_MISS_mean,         0.54
L1_MISS_stddev,         0.52
L1_MISS_total_mean,         0.58
L1_MISS_total_stddev,         0.55

L1_HIT_ALL_count,         16284
L1_HIT_ALL_pct,       55.613
L1_HIT_ALL_total_count,         30556
L1_HIT_ALL_total_pct,       48.536

L1_MISS_ALL_count,         12997
L1_MISS_ALL_pct,       44.387
L1_MISS_ALL_total_count,         32399
L1_MISS_ALL_total_pct,       51.464
L1_MISS_ALL_sum_count,         29281
L1_MISS_ALL_sum_pct,      100.000
L1_MISS_ALL_sum_total_count,         62955
L1_MISS_ALL_sum_total_pct,      100.000
L1_MISS_ALL_mean,         0.44
L1_MISS_ALL_stddev,         0.47
L1_MISS_ALL_total_mean,         0.51
L1_MISS_ALL_total_stddev,         0.51

L1_DEMAND_MISS_count,          7028
L1_DEMAND_MISS_pct,       54.074
L1_DEMAND_MISS_total_count,         16659
L1_DEMAND_MISS_total_pct,       51.418

L1_PREF_REQ_MISS_count,          5795
L1_PREF_REQ_MISS_pct,       44.587
L1_PREF_REQ_MISS_total_count,         13083
L1_PREF_REQ_MISS_total_pct,       40.381

L1_WB_MISS_count,           174
L1_WB_MISS_pct,        1.339
L1_WB_MISS_total_count,          2657
L1_WB_MISS_total_pct,        8.201
L1_WB_MISS_sum_count,         12997
L1_WB_MISS_sum_pct,      100.000
L1_WB_MISS_sum_total_count,         32399
L1_WB_MISS_sum_total_pct,      100.000
L1_WB_MISS_mean,         0.47
L1_WB_MISS_stddev,         0.40
L1_WB_MISS_total_mean,         0.57
L1_WB_MISS_total_stddev,         0.52

L1_DEMAND_HIT_count,          5972
L1_DEMAND_HIT_pct,       36.674
L1_DEMAND_HIT_total_count,         11883
L1_DEMAND_HIT_total_pct,       38.889

L1_PREF_REQ_HIT_count,          2530
L1_PREF_REQ_HIT_pct,       15.537
L1_PREF_REQ_HIT_total_count,          5216
L1_PREF_REQ_HIT_total_pct,       17.070

L1_WB_HIT_count,          7782
L1_WB_HIT_pct,       47.789
L1_WB_HIT_total_count,         13457
L1_WB_HIT_total_pct,       44.040
L1_WB_HIT_sum_count,         16284
L1_WB_HIT_sum_pct,      100.000
L1_WB_HIT_sum_total_count,         30556
L1_WB_HIT_sum_total_pct,      100.000
L1_WB_HIT_mean,         1.11
L1_WB_HIT_stddev,         0.98
L1_WB_HIT_total_mean,         1.05
L1_WB_HIT_total_stddev,         0.94

L1_MISS_ONPATH_count,          7026
L1_MISS_ONPATH_pct,       99.533
L1_MISS_ONPATH_total_count,         16562
L1_MISS_ONPATH_total_pct,       99.043

L1_MISS_OFFPATH_count,            33
L1_MISS_OFFPATH_pct,        0.467
L1_MISS_OFFPATH_total_count,           160
L1_MISS_OFFPATH_total_pct,        0.957
L1_MISS_OFFPATH_sum_count,          7059
L1_MISS_OFFPATH_sum_pct,      100.000
L1_MISS_OFFPATH_sum_total_count,         16722
L1_MISS_OFFPATH_sum_total_pct,      100.000
L1_MISS_OFFPATH_mean,         0.00
L1_MISS_OFFPATH_stddev,         0.07
L1_MISS_OFFPATH_total_mean,         0.01
L1_MISS_OFFPATH_total_stddev,         0.10

L1_MISS_ALL_ONPATH_count,         12811
L1_MISS_ALL_ONPATH_pct,       98.569
L1_MISS_ALL_ONPATH_total_count,         29657
L1_MISS_ALL_ONPATH_total_pct,       91.537

L1_MISS_ALL_OFFPATH_count,           186
L1_MISS_ALL_OFFPATH_pct,        1.431
L1_MISS_ALL_OFFPATH_total_count,          2742
L1_MISS_ALL_OFFPATH_total_pct,        8.463
L1_MISS_ALL_OFFPATH_sum_count,         12997
L1_MISS_ALL_OFFPATH_sum_pct,      100.000
L1_MISS_ALL_OFFPATH_sum_total_count,         32399
L1_MISS_ALL_OFFPATH_sum_total_pct,      100.000
L1_MISS_ALL_OFFPATH_mean,         0.01
L1_MISS_ALL_OFFPATH_stddev,         0.12
L1_MISS_ALL_OFFPATH_total_mean,         0.08
L1_MISS_ALL_OFFPATH_total_stddev,         0.27

L1_HIT_ONPATH_count,          5854
L1_HIT_ONPATH_pct,       97.991
L1_HIT_ONPATH_total_count,         11715
L1_HIT_ONPATH_total_pct,       98.545

L1_HIT_OFFPATH_count,           120
L1_HIT_OFFPATH_pct,        2.009
L1_HIT_OFFPATH_total_count,           173
L1_HIT_OFFPATH_total_pct,        1.455
L1_HIT_OFFPATH_sum_count,          5974
L1_HIT_OFFPATH_sum_pct,      100.000
L1_HIT_OFFPATH_sum_total_count,         11888
L1_HIT_OFFPATH_sum_total_pct,      100.000
L1_HIT_OFFPATH_mean,         0.02
L1_HIT_OFFPATH_stddev,         0.14
L1_HIT_OFFPATH_total_mean,         0.01
L1_HIT_OFFPATH_total_stddev,         0.12

L1_HIT_ALL_ONPATH_count,         15885
L1_HIT_ALL_ONPATH_pct,       97.550
L1_HIT_ALL_ONPATH_total_count,         29949
L1_HIT_ALL_ONPATH_total_pct,       98.013

L1_HIT_ALL_OFFPATH_count,           399
L1_HIT_ALL_OFFPATH_pct,        2.450
L1_HIT_ALL_OFFPATH_total_count,           607
L1_HIT_ALL_OFFPATH_total_pct,        1.987
L1_HIT_ALL_OFFPATH_sum_count,         16284
L1_HIT_ALL_OFFPATH_sum_pct,      100.000
L1_HIT_ALL_OFFPATH_sum_total_count,         30556
L1_HIT_ALL_OFFPATH_sum_total_pct,      100.000
L1_HIT_ALL_OFFPATH_mean,         0.02
L1_HIT_ALL_OFFPATH_stddev,         0.15
L1_HIT_ALL_OFFPATH_total_mean,         0.02
L1_HIT_ALL_OFFPATH_total_stddev,         0.14

L1_HIT_ONPATH_SAT_BY_OFFPATH_count,            34
L1_HIT_ONPATH_SAT_BY_OFFPATH_pct,        0.214
L1_HIT_ONPATH_SAT_BY_OFFPATH_total_count,            55
L1_HIT_ONPATH_SAT_BY_OFFPATH_total_pct,        0.184

L1_HIT_ONPATH_SAT_BY_ONPATH_count,         15851
L1_HIT_ONPATH_SAT_BY_ONPATH_pct,       99.786
L1_HIT_ONPATH_SAT_BY_ONPATH_total_count,         29894
L1_HIT_ONPATH_SAT_BY_ONPATH_total_pct,       99.816
L1_HIT_ONPATH_SAT_BY_ONPATH_sum_count,         15885
L1_HIT_ONPATH_SAT_BY_ONPATH_sum_pct,      100.000
L1_HIT_ONPATH_SAT_BY_ONPATH_sum_total_count,         29949
L1_HIT_ONPATH_SAT_BY_ONPATH_sum_total_pct,      100.000
L1_HIT_ONPATH_SAT_BY_ONPATH_mean,         1.00
L1_HIT_ONPATH_SAT_BY_ONPATH_stddev,         1.00
L1_HIT_ONPATH_SAT_BY_ONPATH_total_mean,         1.00
L1_HIT_ONPATH_SAT_BY_ONPATH_total_stddev,         1.00

L1_HIT_OFFPATH_SAT_BY_OFFPATH_count,           164
L1_HIT_OFFPATH_SAT_BY_OFFPATH_pct,       41.103
L1_HIT_OFFPATH_SAT_BY_OFFPATH_total_count,           273
L1_HIT_OFFPATH_SAT_BY_OFFPATH_total_pct,       44.975

L1_HIT_OFFPATH_SAT_BY_ONPATH_count,           235
L1_HIT_OFFPATH_SAT_BY_ONPATH_pct,       58.897
L1_HIT_OFFPATH_SAT_BY_ONPATH_total_count,           334
L1_HIT_OFFPATH_SAT_BY_ONPATH_total_pct,       55.025
L1_HIT_OFFPATH_SAT_BY_ONPATH_sum_count,           399
L1_HIT_OFFPATH_SAT_BY_ONPATH_sum_pct,      100.000
L1_HIT_OFFPATH_SAT_BY_ONPATH_sum_total_count,           607
L1_HIT_OFFPATH_SAT_BY_ONPATH_sum_total_pct,      100.000
L1_HIT_OFFPATH_SAT_BY_ONPATH_mean,         0.59
L1_HIT_OFFPATH_SAT_BY_ONPATH_stddev,         0.55
L1_HIT_OFFPATH_SAT_BY_ONPATH_total_mean,         0.55
L1_HIT_OFFPATH_SAT_BY_ONPATH_total_stddev,         0.53

L1_HIT_ONPATH_IFETCH_SAT_BY_OFFPATH_count,            14
L1_HIT_ONPATH_IFETCH_SAT_BY_OFFPATH_pct,       10.370
L1_HIT_ONPATH_IFETCH_SAT_BY_OFFPATH_total_count,            28
L1_HIT_ONPATH_IFETCH_SAT_BY_OFFPATH_total_pct,       14.070

L1_HIT_ONPATH_IFETCH_SAT_BY_ONPATH_count,           121
L1_HIT_ONPATH_IFETCH_SAT_BY_ONPATH_pct,       89.630
L1_HIT_ONPATH_IFETCH_SAT_BY_ONPATH_total_count,           171
L1_HIT_ONPATH_IFETCH_SAT_BY_ONPATH_total_pct,       85.930
L1_HIT_ONPATH_IFETCH_SAT_BY_ONPATH_sum_count,           135
L1_HIT_ONPATH_IFETCH_SAT_BY_ONPATH_sum_pct,      100.000
L1_HIT_ONPATH_IFETCH_SAT_BY_ONPATH_sum_total_count,           199
L1_HIT_ONPATH_IFETCH_SAT_BY_ONPATH_sum_total_pct,      100.000
L1_HIT_ONPATH_IFETCH_SAT_BY_ONPATH_mean,         0.90
L1_HIT_ONPATH_IFETCH_SAT_BY_ONPATH_stddev,         0.86
L1_HIT_ONPATH_IFETCH_SAT_BY_ONPATH_total_mean,         0.86
L1_HIT_ONPATH_IFETCH_SAT_BY_ONPATH_total_stddev,         0.81

L1_HIT_ONPATH_DATA_SAT_BY_OFFPATH_count,             0
L1_HIT_ONPATH_DATA_SAT_BY_OFFPATH_pct,        0.000
L1_HIT_ONPATH_DATA_SAT_BY_OFFPATH_total_count,             0
L1_HIT_ONPATH_DATA_SAT_BY_OFFPATH_total_pct,        0.000

L1_HIT_ONPATH_DATA_SAT_BY_ONPATH_count,          5719
L1_HIT_ONPATH_DATA_SAT_BY_ONPATH_pct,      100.000
L1_HIT_ONPATH_DATA_SAT_BY_ONPATH_total_count,         11516
L1_HIT_ONPATH_DATA_SAT_BY_ONPATH_total_pct,      100.000
L1_HIT_ONPATH_DATA_SAT_BY_ONPATH_sum_count,          5719
L1_HIT_ONPATH_DATA_SAT_BY_ONPATH_sum_pct,      100.000
L1_HIT_ONPATH_DATA_SAT_BY_ONPATH_sum_total_count,         11516
L1_HIT_ONPATH_DATA_SAT_BY_ONPATH_sum_total_pct,      100.000
L1_HIT_ONPATH_DATA_SAT_BY_ONPATH_mean,         1.00
L1_HIT_ONPATH_DATA_SAT_BY_ONPATH_stddev,         1.00
L1_HIT_ONPATH_DATA_SAT_BY_ONPATH_total_mean,         1.00
L1_HIT_ONPATH_DATA_SAT_BY_ONPATH_total_stddev,         1.00

L1_FILL_OFFPATH_IFETCH_count,             7
L1_FILL_OFFPATH_IFETCH_total_count,            86

L1_FILL_OFFPATH_DATA_count,            24
L1_FILL_OFFPATH_DATA_total_count,            54

L1_FILL_OFFPATH_count,           184
L1_FILL_OFFPATH_total_count,          2722

L1_USE_OFFPATH_IFETCH_count,            75
L1_USE_OFFPATH_IFETCH_pct,       10.714
L1_USE_OFFPATH_IFETCH_total_count,           663
L1_USE_OFFPATH_IFETCH_total_pct,        7.709

L1_USE_OFFPATH_DATA_count,             4
L1_USE_OFFPATH_DATA_pct,        0.167
L1_USE_OFFPATH_DATA_total_count,            15
L1_USE_OFFPATH_DATA_total_pct,        0.278

L1_USE_OFFPATH_count,            99
L1_USE_OFFPATH_pct,        0.538
L1_USE_OFFPATH_total_count,           705
L1_USE_OFFPATH_total_pct,        0.259

JUST_L1_USE_OFFPATH_count,           155
JUST_L1_USE_OFFPATH_pct,        0.842
JUST_L1_USE_OFFPATH_total_count,           251
JUST_L1_USE_OFFPATH_total_pct,        0.092

L1_FILL_ONPATH_IFETCH_count,            26
L1_FILL_ONPATH_IFETCH_total_count,           195

L1_FILL_ONPATH_DATA_count,          7043
L1_FILL_ONPATH_DATA_total_count,         16507

L1_FILL_ONPATH_count,          7078
L1_FILL_ONPATH_total_count,         16765

L1_USE_ONPATH_IFETCH_count,           121
L1_USE_ONPATH_IFETCH_pct,        4.654
L1_USE_ONPATH_IFETCH_total_count,           171
L1_USE_ONPATH_IFETCH_total_pct,        0.877

L1_USE_ONPATH_DATA_count,          5719
L1_USE_ONPATH_DATA_pct,        0.812
L1_USE_ONPATH_DATA_total_count,         11516
L1_USE_ONPATH_DATA_total_pct,        0.698

L1_USE_ONPATH_count,         15851
L1_USE_ONPATH_pct,        2.239
L1_USE_ONPATH_total_count,         29894
L1_USE_ONPATH_total_pct,        1.783

L1_CYCLE_count,       5287451
L1_CYCLE_total_count,      10480334

L1_LINES_count,  131550828635
L1_LINES_pct,    24879.820
L1_LINES_total_count,  186703648902
L1_LINES_total_pct,    17814.666

MLC_HIT_count,         25447
MLC_HIT_pct,       66.389
MLC_HIT_total_count,         48154
MLC_HIT_total_pct,       62.934

MLC_MISS_count,         12883
MLC_MISS_pct,       33.611
MLC_MISS_total_count,         28361
MLC_MISS_total_pct,       37.066
MLC_MISS_sum_count,         38330
MLC_MISS_sum_pct,      100.000
MLC_MISS_sum_total_count,         76515
MLC_MISS_sum_total_pct,      100.000
MLC_MISS_mean,         0.34
MLC_MISS_stddev,         0.43
MLC_MISS_total_mean,         0.37
MLC_MISS_total_stddev,         0.44

MLC_HIT_ALL_count,         53182
MLC_HIT_ALL_pct,       79.595
MLC_HIT_ALL_total_count,        104091
MLC_HIT_ALL_total_pct,       76.544

MLC_MISS_ALL_count,         13634
MLC_MISS_ALL_pct,       20.405
MLC_MISS_ALL_total_count,         31898
MLC_MISS_ALL_total_pct,       23.456
MLC_MISS_ALL_sum_count,         66816
MLC_MISS_ALL_sum_pct,      100.000
MLC_MISS_ALL_sum_total_count,        135989
MLC_MISS_ALL_sum_total_pct,      100.000
MLC_MISS_ALL_mean,         0.20
MLC_MISS_ALL_stddev,         0.37
MLC_MISS_ALL_total_mean,         0.23
MLC_MISS_ALL_total_stddev,         0.39

MLC_DEMAND_MISS_count,         12883
MLC_DEMAND_MISS_pct,       94.492
MLC_DEMAND_MISS_total_count,         28361
MLC_DEMAND_MISS_total_pct,       88.912

MLC_PREF_REQ_MISS_count,             0
MLC_PREF_REQ_MISS_pct,        0.000
MLC_PREF_REQ_MISS_total_count,             0
MLC_PREF_REQ_MISS_total_pct,        0.000

MLC_WB_MISS_count,           751
MLC_WB_MISS_pct,        5.508
MLC_WB_MISS_total_count,          3537
MLC_WB_MISS_total_pct,       11.088
MLC_WB_MISS_sum_count,         13634
MLC_WB_MISS_sum_pct,      100.000
MLC_WB_MISS_sum_total_count,         31898
MLC_WB_MISS_sum_total_pct,      100.000
MLC_WB_MISS_mean,         0.11
MLC_WB_MISS_stddev,         0.44
MLC_WB_MISS_total_mean,         0.22
MLC_WB_MISS_total_stddev,         0.60

MLC_DEMAND_HIT_count,         25447
MLC_DEMAND_HIT_pct,       47.849
MLC_DEMAND_HIT_total_count,         48154
MLC_DEMAND_HIT_total_pct,       46.261

MLC_PREF_REQ_HIT_count,             0
MLC_PREF_REQ_HIT_pct,        0.000
MLC_PREF_REQ_HIT_total_count,             0
MLC_PREF_REQ_HIT_total_pct,        0.000

MLC_WB_HIT_count,         27735
MLC_WB_HIT_pct,       52.151
MLC_WB_HIT_total_count,         55937
MLC_WB_HIT_total_pct,       53.739
MLC_WB_HIT_sum_count,         53182
MLC_WB_HIT_sum_pct,      100.000
MLC_WB_HIT_sum_total_count,        104091
MLC_WB_HIT_sum_total_pct,      100.000
MLC_WB_HIT_mean,         1.04
MLC_WB_HIT_stddev,         1.02
MLC_WB_HIT_total_mean,         1.07
MLC_WB_HIT_total_stddev,         1.04

MLC_MISS_ONPATH_count,         12733
MLC_MISS_ONPATH_pct,       98.836
MLC_MISS_ONPATH_total_count,         28016
MLC_MISS_ONPATH_total_pct,       98.784

MLC_MISS_OFFPATH_count,           150
MLC_MISS_OFFPATH_pct,        1.164
MLC_MISS_OFFPATH_total_count,           345
MLC_MISS_OFFPATH_total_pct,        1.216
MLC_MISS_OFFPATH_sum_count,         12883
MLC_MISS_OFFPATH_sum_pct,      100.000
MLC_MISS_OFFPATH_sum_total_count,         28361
MLC_MISS_OFFPATH_sum_total_pct,      100.000
MLC_MISS_OFFPATH_mean,         0.01
MLC_MISS_OFFPATH_stddev,         0.11
MLC_MISS_OFFPATH_total_mean,         0.01
MLC_MISS_OFFPATH_total_stddev,         0.11

MLC_MISS_ALL_ONPATH_count,         12993
MLC_MISS_ALL_ONPATH_pct,       95.299
MLC_MISS_ALL_ONPATH_total_count,         28444
MLC_MISS_ALL_ONPATH_total_pct,       89.172

MLC_MISS_ALL_OFFPATH_count,           641
MLC_MISS_ALL_OFFPATH_pct,        4.701
MLC_MISS_ALL_OFFPATH_total_count,          3454
MLC_MISS_ALL_OFFPATH_total_pct,       10.828
MLC_MISS_ALL_OFFPATH_sum_count,         13634
MLC_MISS_ALL_OFFPATH_sum_pct,      100.000
MLC_MISS_ALL_OFFPATH_sum_total_count,         31898
MLC_MISS_ALL_OFFPATH_sum_total_pct,      100.000
MLC_MISS_ALL_OFFPATH_mean,         0.05
MLC_MISS_ALL_OFFPATH_stddev,         0.21
MLC_MISS_ALL_OFFPATH_total_mean,         0.11
MLC_MISS_ALL_OFFPATH_total_stddev,         0.30

MLC_HIT_ONPATH_count,         23323
MLC_HIT_ONPATH_pct,       91.653
MLC_HIT_ONPATH_total_count,         44012
MLC_HIT_ONPATH_total_pct,       91.398

MLC_HIT_OFFPATH_count,          2124
MLC_HIT_OFFPATH_pct,        8.347
MLC_HIT_OFFPATH_total_count,          4142
MLC_HIT_OFFPATH_total_pct,        8.602
MLC_HIT_OFFPATH_sum_count,         25447
MLC_HIT_OFFPATH_sum_pct,      100.000
MLC_HIT_OFFPATH_sum_total_count,         48154
MLC_HIT_OFFPATH_sum_total_pct,      100.000
MLC_HIT_OFFPATH_mean,         0.08
MLC_HIT_OFFPATH_stddev,         0.27
MLC_HIT_OFFPATH_total_mean,         0.09
MLC_HIT_OFFPATH_total_stddev,         0.27

MLC_HIT_ALL_ONPATH_count,         46238
MLC_HIT_ALL_ONPATH_pct,       86.943
MLC_HIT_ALL_ONPATH_total_count,         90623
MLC_HIT_ALL_ONPATH_total_pct,       87.061

MLC_HIT_ALL_OFFPATH_count,          6944
MLC_HIT_ALL_OFFPATH_pct,       13.057
MLC_HIT_ALL_OFFPATH_total_count,         13468
MLC_HIT_ALL_OFFPATH_total_pct,       12.939
MLC_HIT_ALL_OFFPATH_sum_count,         53182
MLC_HIT_ALL_OFFPATH_sum_pct,      100.000
MLC_HIT_ALL_OFFPATH_sum_total_count,        104091
MLC_HIT_ALL_OFFPATH_sum_total_pct,      100.000
MLC_HIT_ALL_OFFPATH_mean,         0.13
MLC_HIT_ALL_OFFPATH_stddev,         0.32
MLC_HIT_ALL_OFFPATH_total_mean,         0.13
MLC_HIT_ALL_OFFPATH_total_stddev,         0.32

DCACHE_FILL_OFFPATH_count,          1891
DCACHE_FILL_OFFPATH_total_count,          3570

DCACHE_USE_OFFPATH_count,           741
DCACHE_USE_OFFPATH_pct,        0.392
DCACHE_USE_OFFPATH_total_count,          1379
DCACHE_USE_OFFPATH_total_pct,        0.386

DCACHE_FILL_ONPATH_count,         34696
DCACHE_FILL_ONPATH_total_count,         69320

DCACHE_USE_ONPATH_count,       4141010
DCACHE_USE_ONPATH_pct,      119.351
DCACHE_USE_ONPATH_total_count,       8168754
DCACHE_USE_ONPATH_total_pct,      117.841

ICACHE_FILL_OFFPATH_count,          5614
ICACHE_FILL_OFFPATH_total_count,         13182

ICACHE_USE_OFFPATH_count,          3896
ICACHE_USE_OFFPATH_pct,        0.694
ICACHE_USE_OFFPATH_total_count,          7898
ICACHE_USE_OFFPATH_total_pct,        0.599

ICACHE_FILL_ONPATH_count,          9246
ICACHE_FILL_ONPATH_total_count,         17715

ICACHE_USE_ONPATH_count,       3485561
ICACHE_USE_ONPATH_pct,      376.980
ICACHE_USE_ONPATH_total_count,       6883186
ICACHE_USE_ONPATH_total_pct,      388.551

REQBUF_CREATE_ONPATH_count,         74923
REQBUF_CREATE_ONPATH_total_count,        149729

REQBUF_ONPATH_MATCH_OFFPATH_count,           470
REQBUF_ONPATH_MATCH_OFFPATH_pct,        0.006
REQBUF_ONPATH_MATCH_OFFPATH_total_count,           955
REQBUF_ONPATH_MATCH_OFFPATH_total_pct,        0.006

REQBUF_CREATE_ONPATH_DATA_count,         34185
REQBUF_CREATE_ONPATH_DATA_total_count,         68248

REQBUF_ONPATH_MATCH_OFFPATH_DATA_count,           437
REQBUF_ONPATH_MATCH_OFFPATH_DATA_pct,        0.013
REQBUF_ONPATH_MATCH_OFFPATH_DATA_total_count,           883
REQBUF_ONPATH_MATCH_OFFPATH_DATA_total_pct,        0.013

REQBUF_CREATE_ONPATH_IFETCH_count,             5
REQBUF_CREATE_ONPATH_IFETCH_total_count,            18

REQBUF_ONPATH_MATCH_OFFPATH_IFETCH_count,            33
REQBUF_ONPATH_MATCH_OFFPATH_IFETCH_pct,        6.600
REQBUF_ONPATH_MATCH_OFFPATH_IFETCH_total_count,            72
REQBUF_ONPATH_MATCH_OFFPATH_IFETCH_total_pct,        4.000

REQBUF_CREATE_OFFPATH_count,          8056
REQBUF_CREATE_OFFPATH_total_count,         17864

ONPATH_KICKED_OUT_OFFPATH_count,             0
ONPATH_KICKED_OUT_OFFPATH_total_count,             0

ONPATH_KICKED_OUT_PREFETCH_count,             0
ONPATH_KICKED_OUT_PREFETCH_total_count,             0

DIST_ICACHE_FILL_OFFPATH_USED_count,          3896
DIST_ICACHE_FILL_OFFPATH_USED_pct,       29.645
DIST_ICACHE_FILL_OFFPATH_USED_total_count,          7898
DIST_ICACHE_FILL_OFFPATH_USED_total_pct,       30.836

DIST_ICACHE_FILL_OFFPATH_NOTUSED_count,             0
DIST_ICACHE_FILL_OFFPATH_NOTUSED_pct,        0.000
DIST_ICACHE_FILL_OFFPATH_NOTUSED_total_count,             0
DIST_ICACHE_FILL_OFFPATH_NOTUSED_total_pct,        0.000

DIST_ICACHE_FILL_ONPATH_PARTIAL_count,            33
DIST_ICACHE_FILL_ONPATH_PARTIAL_pct,        0.251
DIST_ICACHE_FILL_ONPATH_PARTIAL_total_count,            72
DIST_ICACHE_FILL_ONPATH_PARTIAL_total_pct,        0.281

DIST_ICACHE_FILL_ONPATH_count,          9213
DIST_ICACHE_FILL_ONPATH_pct,       70.103
DIST_ICACHE_FILL_ONPATH_total_count,         17643
DIST_ICACHE_FILL_ONPATH_total_pct,       68.883
DIST_ICACHE_FILL_ONPATH_sum_count,         13142
DIST_ICACHE_FILL_ONPATH_sum_pct,      100.000
DIST_ICACHE_FILL_ONPATH_sum_total_count,         25613
DIST_ICACHE_FILL_ONPATH_sum_total_pct,      100.000
DIST_ICACHE_FILL_ONPATH_mean,         2.11
DIST_ICACHE_FILL_ONPATH_stddev,         1.92
DIST_ICACHE_FILL_ONPATH_total_mean,         2.07
DIST_ICACHE_FILL_ONPATH_total_stddev,         1.88

DIST_DCACHE_FILL_OFFPATH_USED_count,           741
DIST_DCACHE_FILL_OFFPATH_USED_pct,        2.091
DIST_DCACHE_FILL_OFFPATH_USED_total_count,          1379
DIST_DCACHE_FILL_OFFPATH_USED_total_pct,        1.951

DIST_DCACHE_FILL_OFFPATH_NOTUSED_count,             0
DIST_DCACHE_FILL_OFFPATH_NOTUSED_pct,        0.000
DIST_DCACHE_FILL_OFFPATH_NOTUSED_total_count,             0
DIST_DCACHE_FILL_OFFPATH_NOTUSED_total_pct,        0.000

DIST_DCACHE_FILL_ONPATH_PARTIAL_count,           437
DIST_DCACHE_FILL_ONPATH_PARTIAL_pct,        1.233
DIST_DCACHE_FILL_ONPATH_PARTIAL_total_count,           883
DIST_DCACHE_FILL_ONPATH_PARTIAL_total_pct,        1.249

DIST_DCACHE_FILL_ONPATH_count,         34259
DIST_DCACHE_FILL_ONPATH_pct,       96.676
DIST_DCACHE_FILL_ONPATH_total_count,         68437
DIST_DCACHE_FILL_ONPATH_total_pct,       96.801
DIST_DCACHE_FILL_ONPATH_sum_count,         35437
DIST_DCACHE_FILL_ONPATH_sum_pct,      100.000
DIST_DCACHE_FILL_ONPATH_sum_total_count,         70699
DIST_DCACHE_FILL_ONPATH_sum_total_pct,      100.000
DIST_DCACHE_FILL_ONPATH_mean,         2.92
DIST_DCACHE_FILL_ONPATH_stddev,         2.88
DIST_DCACHE_FILL_ONPATH_total_mean,         2.93
DIST_DCACHE_FILL_ONPATH_total_stddev,         2.88

DIST_L1_FILL_OFFPATH_USED_count,            99
DIST_L1_FILL_OFFPATH_USED_pct,        1.379
DIST_L1_FILL_OFFPATH_USED_total_count,           705
DIST_L1_FILL_OFFPATH_USED_total_pct,        4.035

DIST_L1_FILL_OFFPATH_NOTUSED_count,             0
DIST_L1_FILL_OFFPATH_NOTUSED_pct,        0.000
DIST_L1_FILL_OFFPATH_NOTUSED_total_count,             0
DIST_L1_FILL_OFFPATH_NOTUSED_total_pct,        0.000

DIST_L1_FILL_ONPATH_PARTIAL_count,            98
DIST_L1_FILL_ONPATH_PARTIAL_pct,        1.365
DIST_L1_FILL_ONPATH_PARTIAL_total_count,           269
DIST_L1_FILL_ONPATH_PARTIAL_total_pct,        1.540

DIST_L1_FILL_ONPATH_count,          6980
DIST_L1_FILL_ONPATH_pct,       97.255
DIST_L1_FILL_ONPATH_total_count,         16496
DIST_L1_FILL_ONPATH_total_pct,       94.425
DIST_L1_FILL_ONPATH_sum_count,          7177
DIST_L1_FILL_ONPATH_sum_pct,      100.000
DIST_L1_FILL_ONPATH_sum_total_count,         17470
DIST_L1_FILL_ONPATH_sum_total_pct,      100.000
DIST_L1_FILL_ONPATH_mean,         2.94
DIST_L1_FILL_ONPATH_stddev,         2.91
DIST_L1_FILL_ONPATH_total_mean,         2.86
DIST_L1_FILL_ONPATH_total_stddev,         2.79

DIST_JUST_L1_FILL_OFFPATH_USED_count,             0
DIST_JUST_L1_FILL_OFFPATH_USED_pct,         -nan
DIST_JUST_L1_FILL_OFFPATH_USED_total_count,             0
DIST_JUST_L1_FILL_OFFPATH_USED_total_pct,         -nan

DIST_JUST_L1_FILL_OFFPATH_NOTUSED_count,             0
DIST_JUST_L1_FILL_OFFPATH_NOTUSED_pct,         -nan
DIST_JUST_L1_FILL_OFFPATH_NOTUSED_total_count,             0
DIST_JUST_L1_FILL_OFFPATH_NOTUSED_total_pct,         -nan

DIST_JUST_L1_FILL_ONPATH_PARTIAL_count,             0
DIST_JUST_L1_FILL_ONPATH_PARTIAL_pct,         -nan
DIST_JUST_L1_FILL_ONPATH_PARTIAL_total_count,             0
DIST_JUST_L1_FILL_ONPATH_PARTIAL_total_pct,         -nan

DIST_JUST_L1_FILL_ONPATH_count,             0
DIST_JUST_L1_FILL_ONPATH_pct,         -nan
DIST_JUST_L1_FILL_ONPATH_total_count,             0
DIST_JUST_L1_FILL_ONPATH_total_pct,         -nan
DIST_JUST_L1_FILL_ONPATH_sum_count,             0
DIST_JUST_L1_FILL_ONPATH_sum_pct,         -nan
DIST_JUST_L1_FILL_ONPATH_sum_total_count,             0
DIST_JUST_L1_FILL_ONPATH_sum_total_pct,         -nan
DIST_JUST_L1_FILL_ONPATH_mean,         -nan
DIST_JUST_L1_FILL_ONPATH_stddev,         -nan
DIST_JUST_L1_FILL_ONPATH_total_mean,         -nan
DIST_JUST_L1_FILL_ONPATH_total_stddev,         -nan

DIST_REQBUF_OFFPATH_USED_count,          5141
DIST_REQBUF_OFFPATH_USED_pct,        9.054
DIST_REQBUF_OFFPATH_USED_total_count,         10287
DIST_REQBUF_OFFPATH_USED_total_pct,        8.998

DIST_REQBUF_OFFPATH_NOTUSED_count,             0
DIST_REQBUF_OFFPATH_NOTUSED_pct,        0.000
DIST_REQBUF_OFFPATH_NOTUSED_total_count,             0
DIST_REQBUF_OFFPATH_NOTUSED_total_pct,        0.000

DIST_REQBUF_ONPATH_count,         51642
DIST_REQBUF_ONPATH_pct,       90.946
DIST_REQBUF_ONPATH_total_count,        104033
DIST_REQBUF_ONPATH_total_pct,       91.002
DIST_REQBUF_ONPATH_sum_count,         56783
DIST_REQBUF_ONPATH_sum_pct,      100.000
DIST_REQBUF_ONPATH_sum_total_count,        114320
DIST_REQBUF_ONPATH_sum_total_pct,      100.000
DIST_REQBUF_ONPATH_mean,         1.82
DIST_REQBUF_ONPATH_stddev,         1.74
DIST_REQBUF_ONPATH_total_mean,         1.82
DIST_REQBUF_ONPATH_total_stddev,         1.74

DIST2_REQBUF_OFFPATH_USED_PARTIAL_count,           470
DIST2_REQBUF_OFFPATH_USED_PARTIAL_pct,        0.828
DIST2_REQBUF_OFFPATH_USED_PARTIAL_total_count,           955
DIST2_REQBUF_OFFPATH_USED_PARTIAL_total_pct,        0.835

DIST2_REQBUF_OFFPATH_USED_FULL_count,          4671
DIST2_REQBUF_OFFPATH_USED_FULL_pct,        8.226
DIST2_REQBUF_OFFPATH_USED_FULL_total_count,          9332
DIST2_REQBUF_OFFPATH_USED_FULL_total_pct,        8.163

DIST2_REQBUF_OFFPATH_NOTUSED_count,             0
DIST2_REQBUF_OFFPATH_NOTUSED_pct,        0.000
DIST2_REQBUF_OFFPATH_NOTUSED_total_count,             0
DIST2_REQBUF_OFFPATH_NOTUSED_total_pct,        0.000

DIST2_REQBUF_ONPATH_count,         51642
DIST2_REQBUF_ONPATH_pct,       90.946
DIST2_REQBUF_ONPATH_total_count,        104033
DIST2_REQBUF_ONPATH_total_pct,       91.002
DIST2_REQBUF_ONPATH_sum_count,         56783
DIST2_REQBUF_ONPATH_sum_pct,      100.000
DIST2_REQBUF_ONPATH_sum_total_count,        114320
DIST2_REQBUF_ONPATH_sum_total_pct,      100.000
DIST2_REQBUF_ONPATH_mean,         2.81
DIST2_REQBUF_ONPATH_stddev,         2.74
DIST2_REQBUF_ONPATH_total_mean,         2.81
DIST2_REQBUF_ONPATH_total_stddev,         2.74

DIST_ICACHE_FILL_count,         14860
DIST_ICACHE_FILL_total_count,         30897

DIST_DCACHE_FILL_count,         36587
DIST_DCACHE_FILL_total_count,         72890

DIST_L1_FILL_count,          7262
DIST_L1_FILL_total_count,         19487

DIST_USED_OFFPATH_ICACHE_count,             0
DIST_USED_OFFPATH_ICACHE_pct,         -nan
DIST_USED_OFFPATH_ICACHE_total_count,             0
DIST_USED_OFFPATH_ICACHE_total_pct,         -nan

DIST_NOTUSED_OFFPATH_ICACHE_count,             0
DIST_NOTUSED_OFFPATH_ICACHE_pct,         -nan
DIST_NOTUSED_OFFPATH_ICACHE_total_count,             0
DIST_NOTUSED_OFFPATH_ICACHE_total_pct,         -nan
DIST_NOTUSED_OFFPATH_ICACHE_sum_count,             0
DIST_NOTUSED_OFFPATH_ICACHE_sum_pct,         -nan
DIST_NOTUSED_OFFPATH_ICACHE_sum_total_count,             0
DIST_NOTUSED_OFFPATH_ICACHE_sum_total_pct,         -nan
DIST_NOTUSED_OFFPATH_ICACHE_mean,         -nan
DIST_NOTUSED_OFFPATH_ICACHE_stddev,         -nan
DIST_NOTUSED_OFFPATH_ICACHE_total_mean,         -nan
DIST_NOTUSED_OFFPATH_ICACHE_total_stddev,         -nan

DIST_USED_OFFPATH_DCACHE_count,             0
DIST_USED_OFFPATH_DCACHE_pct,         -nan
DIST_USED_OFFPATH_DCACHE_total_count,             0
DIST_USED_OFFPATH_DCACHE_total_pct,         -nan

DIST_NOTUSED_OFFPATH_DCACHE_count,             0
DIST_NOTUSED_OFFPATH_DCACHE_pct,         -nan
DIST_NOTUSED_OFFPATH_DCACHE_total_count,             0
DIST_NOTUSED_OFFPATH_DCACHE_total_pct,         -nan
DIST_NOTUSED_OFFPATH_DCACHE_sum_count,             0
DIST_NOTUSED_OFFPATH_DCACHE_sum_pct,         -nan
DIST_NOTUSED_OFFPATH_DCACHE_sum_total_count,             0
DIST_NOTUSED_OFFPATH_DCACHE_sum_total_pct,         -nan
DIST_NOTUSED_OFFPATH_DCACHE_mean,         -nan
DIST_NOTUSED_OFFPATH_DCACHE_stddev,         -nan
DIST_NOTUSED_OFFPATH_DCACHE_total_mean,         -nan
DIST_NOTUSED_OFFPATH_DCACHE_total_stddev,         -nan

DIST_USED_OFFPATH_L1_count,             0
DIST_USED_OFFPATH_L1_pct,         -nan
DIST_USED_OFFPATH_L1_total_count,             0
DIST_USED_OFFPATH_L1_total_pct,         -nan

DIST_NOTUSED_OFFPATH_L1_count,             0
DIST_NOTUSED_OFFPATH_L1_pct,         -nan
DIST_NOTUSED_OFFPATH_L1_total_count,             0
DIST_NOTUSED_OFFPATH_L1_total_pct,         -nan
DIST_NOTUSED_OFFPATH_L1_sum_count,             0
DIST_NOTUSED_OFFPATH_L1_sum_pct,         -nan
DIST_NOTUSED_OFFPATH_L1_sum_total_count,             0
DIST_NOTUSED_OFFPATH_L1_sum_total_pct,         -nan
DIST_NOTUSED_OFFPATH_L1_mean,         -nan
DIST_NOTUSED_OFFPATH_L1_stddev,         -nan
DIST_NOTUSED_OFFPATH_L1_total_mean,         -nan
DIST_NOTUSED_OFFPATH_L1_total_stddev,         -nan

DIST_USED_OFFPATH_JUST_L1_count,             0
DIST_USED_OFFPATH_JUST_L1_pct,         -nan
DIST_USED_OFFPATH_JUST_L1_total_count,             0
DIST_USED_OFFPATH_JUST_L1_total_pct,         -nan

DIST_NOTUSED_OFFPATH_JUST_L1_count,             0
DIST_NOTUSED_OFFPATH_JUST_L1_pct,         -nan
DIST_NOTUSED_OFFPATH_JUST_L1_total_count,             0
DIST_NOTUSED_OFFPATH_JUST_L1_total_pct,         -nan
DIST_NOTUSED_OFFPATH_JUST_L1_sum_count,             0
DIST_NOTUSED_OFFPATH_JUST_L1_sum_pct,         -nan
DIST_NOTUSED_OFFPATH_JUST_L1_sum_total_count,             0
DIST_NOTUSED_OFFPATH_JUST_L1_sum_total_pct,         -nan
DIST_NOTUSED_OFFPATH_JUST_L1_mean,         -nan
DIST_NOTUSED_OFFPATH_JUST_L1_stddev,         -nan
DIST_NOTUSED_OFFPATH_JUST_L1_total_mean,         -nan
DIST_NOTUSED_OFFPATH_JUST_L1_total_stddev,         -nan

DIST_OFFPATH_ICACHE_FULL_count,             0
DIST_OFFPATH_ICACHE_FULL_pct,         -nan
DIST_OFFPATH_ICACHE_FULL_total_count,             0
DIST_OFFPATH_ICACHE_FULL_total_pct,         -nan

DIST_OFFPATH_ICACHE_PARTIAL_count,             0
DIST_OFFPATH_ICACHE_PARTIAL_pct,         -nan
DIST_OFFPATH_ICACHE_PARTIAL_total_count,             0
DIST_OFFPATH_ICACHE_PARTIAL_total_pct,         -nan

DIST_OFFPATH_ICACHE_NOTUSED_count,             0
DIST_OFFPATH_ICACHE_NOTUSED_pct,         -nan
DIST_OFFPATH_ICACHE_NOTUSED_total_count,             0
DIST_OFFPATH_ICACHE_NOTUSED_total_pct,         -nan
DIST_OFFPATH_ICACHE_NOTUSED_sum_count,             0
DIST_OFFPATH_ICACHE_NOTUSED_sum_pct,         -nan
DIST_OFFPATH_ICACHE_NOTUSED_sum_total_count,             0
DIST_OFFPATH_ICACHE_NOTUSED_sum_total_pct,         -nan
DIST_OFFPATH_ICACHE_NOTUSED_mean,         -nan
DIST_OFFPATH_ICACHE_NOTUSED_stddev,         -nan
DIST_OFFPATH_ICACHE_NOTUSED_total_mean,         -nan
DIST_OFFPATH_ICACHE_NOTUSED_total_stddev,         -nan

DIST_OFFPATH_DCACHE_FULL_count,             0
DIST_OFFPATH_DCACHE_FULL_pct,         -nan
DIST_OFFPATH_DCACHE_FULL_total_count,             0
DIST_OFFPATH_DCACHE_FULL_total_pct,         -nan

DIST_OFFPATH_DCACHE_PARTIAL_count,             0
DIST_OFFPATH_DCACHE_PARTIAL_pct,         -nan
DIST_OFFPATH_DCACHE_PARTIAL_total_count,             0
DIST_OFFPATH_DCACHE_PARTIAL_total_pct,         -nan

DIST_OFFPATH_DCACHE_NOTUSED_count,             0
DIST_OFFPATH_DCACHE_NOTUSED_pct,         -nan
DIST_OFFPATH_DCACHE_NOTUSED_total_count,             0
DIST_OFFPATH_DCACHE_NOTUSED_total_pct,         -nan
DIST_OFFPATH_DCACHE_NOTUSED_sum_count,             0
DIST_OFFPATH_DCACHE_NOTUSED_sum_pct,         -nan
DIST_OFFPATH_DCACHE_NOTUSED_sum_total_count,             0
DIST_OFFPATH_DCACHE_NOTUSED_sum_total_pct,         -nan
DIST_OFFPATH_DCACHE_NOTUSED_mean,         -nan
DIST_OFFPATH_DCACHE_NOTUSED_stddev,         -nan
DIST_OFFPATH_DCACHE_NOTUSED_total_mean,         -nan
DIST_OFFPATH_DCACHE_NOTUSED_total_stddev,         -nan

DIST_OFFPATH_L1_FULL_count,             0
DIST_OFFPATH_L1_FULL_pct,         -nan
DIST_OFFPATH_L1_FULL_total_count,             0
DIST_OFFPATH_L1_FULL_total_pct,         -nan

DIST_OFFPATH_L1_PARTIAL_count,             0
DIST_OFFPATH_L1_PARTIAL_pct,         -nan
DIST_OFFPATH_L1_PARTIAL_total_count,             0
DIST_OFFPATH_L1_PARTIAL_total_pct,         -nan

DIST_OFFPATH_L1_NOTUSED_count,             0
DIST_OFFPATH_L1_NOTUSED_pct,         -nan
DIST_OFFPATH_L1_NOTUSED_total_count,             0
DIST_OFFPATH_L1_NOTUSED_total_pct,         -nan
DIST_OFFPATH_L1_NOTUSED_sum_count,             0
DIST_OFFPATH_L1_NOTUSED_sum_pct,         -nan
DIST_OFFPATH_L1_NOTUSED_sum_total_count,             0
DIST_OFFPATH_L1_NOTUSED_sum_total_pct,         -nan
DIST_OFFPATH_L1_NOTUSED_mean,         -nan
DIST_OFFPATH_L1_NOTUSED_stddev,         -nan
DIST_OFFPATH_L1_NOTUSED_total_mean,         -nan
DIST_OFFPATH_L1_NOTUSED_total_stddev,         -nan

DIST_OFFPATH_JUST_L1_FULL_count,             0
DIST_OFFPATH_JUST_L1_FULL_pct,         -nan
DIST_OFFPATH_JUST_L1_FULL_total_count,             0
DIST_OFFPATH_JUST_L1_FULL_total_pct,         -nan

DIST_OFFPATH_JUST_L1_PARTIAL_count,             0
DIST_OFFPATH_JUST_L1_PARTIAL_pct,         -nan
DIST_OFFPATH_JUST_L1_PARTIAL_total_count,             0
DIST_OFFPATH_JUST_L1_PARTIAL_total_pct,         -nan

DIST_OFFPATH_JUST_L1_NOTUSED_count,             0
DIST_OFFPATH_JUST_L1_NOTUSED_pct,         -nan
DIST_OFFPATH_JUST_L1_NOTUSED_total_count,             0
DIST_OFFPATH_JUST_L1_NOTUSED_total_pct,         -nan
DIST_OFFPATH_JUST_L1_NOTUSED_sum_count,             0
DIST_OFFPATH_JUST_L1_NOTUSED_sum_pct,         -nan
DIST_OFFPATH_JUST_L1_NOTUSED_sum_total_count,             0
DIST_OFFPATH_JUST_L1_NOTUSED_sum_total_pct,         -nan
DIST_OFFPATH_JUST_L1_NOTUSED_mean,         -nan
DIST_OFFPATH_JUST_L1_NOTUSED_stddev,         -nan
DIST_OFFPATH_JUST_L1_NOTUSED_total_mean,         -nan
DIST_OFFPATH_JUST_L1_NOTUSED_total_stddev,         -nan

MLC_MISS_ONPATH_IFETCH_count,            72
MLC_MISS_ONPATH_IFETCH_pct,        0.554
MLC_MISS_ONPATH_IFETCH_total_count,           249
MLC_MISS_ONPATH_IFETCH_total_pct,        0.875

MLC_MISS_ONPATH_DFETCH_count,         12249
MLC_MISS_ONPATH_DFETCH_pct,       94.274
MLC_MISS_ONPATH_DFETCH_total_count,         26798
MLC_MISS_ONPATH_DFETCH_total_pct,       94.213

MLC_MISS_ONPATH_DSTORE_count,           412
MLC_MISS_ONPATH_DSTORE_pct,        3.171
MLC_MISS_ONPATH_DSTORE_total_count,           969
MLC_MISS_ONPATH_DSTORE_total_pct,        3.407

MLC_MISS_ONPATH_IPRF_count,             0
MLC_MISS_ONPATH_IPRF_pct,        0.000
MLC_MISS_ONPATH_IPRF_total_count,             0
MLC_MISS_ONPATH_IPRF_total_pct,        0.000

MLC_MISS_ONPATH_DPRF_count,             0
MLC_MISS_ONPATH_DPRF_pct,        0.000
MLC_MISS_ONPATH_DPRF_total_count,             0
MLC_MISS_ONPATH_DPRF_total_pct,        0.000

MLC_MISS_ONPATH_WB_count,           196
MLC_MISS_ONPATH_WB_pct,        1.509
MLC_MISS_ONPATH_WB_total_count,           333
MLC_MISS_ONPATH_WB_total_pct,        1.171

MLC_MISS_ONPATH_WB_NODIRTY_count,            64
MLC_MISS_ONPATH_WB_NODIRTY_pct,        0.493
MLC_MISS_ONPATH_WB_NODIRTY_total_count,            95
MLC_MISS_ONPATH_WB_NODIRTY_total_pct,        0.334
MLC_MISS_ONPATH_WB_NODIRTY_sum_count,         12993
MLC_MISS_ONPATH_WB_NODIRTY_sum_pct,      100.000
MLC_MISS_ONPATH_WB_NODIRTY_sum_total_count,         28444
MLC_MISS_ONPATH_WB_NODIRTY_sum_total_pct,      100.000
MLC_MISS_ONPATH_WB_NODIRTY_mean,         1.11
MLC_MISS_ONPATH_WB_NODIRTY_stddev,         0.62
MLC_MISS_ONPATH_WB_NODIRTY_total_mean,         1.09
MLC_MISS_ONPATH_WB_NODIRTY_total_stddev,         0.55

MLC_MISS_OFFPATH_IFETCH_count,            36
MLC_MISS_OFFPATH_IFETCH_pct,        5.616
MLC_MISS_OFFPATH_IFETCH_total_count,           142
MLC_MISS_OFFPATH_IFETCH_total_pct,        4.111

MLC_MISS_OFFPATH_DFETCH_count,           114
MLC_MISS_OFFPATH_DFETCH_pct,       17.785
MLC_MISS_OFFPATH_DFETCH_total_count,           203
MLC_MISS_OFFPATH_DFETCH_total_pct,        5.877

MLC_MISS_OFFPATH_DSTORE_count,             0
MLC_MISS_OFFPATH_DSTORE_pct,        0.000
MLC_MISS_OFFPATH_DSTORE_total_count,             0
MLC_MISS_OFFPATH_DSTORE_total_pct,        0.000

MLC_MISS_OFFPATH_IPRF_count,             0
MLC_MISS_OFFPATH_IPRF_pct,        0.000
MLC_MISS_OFFPATH_IPRF_total_count,             0
MLC_MISS_OFFPATH_IPRF_total_pct,        0.000

MLC_MISS_OFFPATH_DPRF_count,             0
MLC_MISS_OFFPATH_DPRF_pct,        0.000
MLC_MISS_OFFPATH_DPRF_total_count,             0
MLC_MISS_OFFPATH_DPRF_total_pct,        0.000

MLC_MISS_OFFPATH_WB_count,           479
MLC_MISS_OFFPATH_WB_pct,       74.727
MLC_MISS_OFFPATH_WB_total_count,          3092
MLC_MISS_OFFPATH_WB_total_pct,       89.519

MLC_MISS_OFFPATH_WB_NODIRTY_count,            12
MLC_MISS_OFFPATH_WB_NODIRTY_pct,        1.872
MLC_MISS_OFFPATH_WB_NODIRTY_total_count,            17
MLC_MISS_OFFPATH_WB_NODIRTY_total_pct,        0.492
MLC_MISS_OFFPATH_WB_NODIRTY_sum_count,           641
MLC_MISS_OFFPATH_WB_NODIRTY_sum_pct,      100.000
MLC_MISS_OFFPATH_WB_NODIRTY_sum_total_count,          3454
MLC_MISS_OFFPATH_WB_NODIRTY_sum_total_pct,      100.000
MLC_MISS_OFFPATH_WB_NODIRTY_mean,         4.03
MLC_MISS_OFFPATH_WB_NODIRTY_stddev,         1.65
MLC_MISS_OFFPATH_WB_NODIRTY_total_mean,         4.56
MLC_MISS_OFFPATH_WB_NODIRTY_total_stddev,         1.01

MLC_HIT_ONPATH_IFETCH_count,          1410
MLC_HIT_ONPATH_IFETCH_pct,        3.049
MLC_HIT_ONPATH_IFETCH_total_count,          2758
MLC_HIT_ONPATH_IFETCH_total_pct,        3.043

MLC_HIT_ONPATH_DFETCH_count,         18931
MLC_HIT_ONPATH_DFETCH_pct,       40.943
MLC_HIT_ONPATH_DFETCH_total_count,         35051
MLC_HIT_ONPATH_DFETCH_total_pct,       38.678

MLC_HIT_ONPATH_DSTORE_count,          2982
MLC_HIT_ONPATH_DSTORE_pct,        6.449
MLC_HIT_ONPATH_DSTORE_total_count,          6203
MLC_HIT_ONPATH_DSTORE_total_pct,        6.845

MLC_HIT_ONPATH_IPRF_count,             0
MLC_HIT_ONPATH_IPRF_pct,        0.000
MLC_HIT_ONPATH_IPRF_total_count,             0
MLC_HIT_ONPATH_IPRF_total_pct,        0.000

MLC_HIT_ONPATH_DPRF_count,             0
MLC_HIT_ONPATH_DPRF_pct,        0.000
MLC_HIT_ONPATH_DPRF_total_count,             0
MLC_HIT_ONPATH_DPRF_total_pct,        0.000

MLC_HIT_ONPATH_WB_count,          7531
MLC_HIT_ONPATH_WB_pct,       16.287
MLC_HIT_ONPATH_WB_total_count,         14308
MLC_HIT_ONPATH_WB_total_pct,       15.788

MLC_HIT_ONPATH_WB_NODIRTY_count,         15384
MLC_HIT_ONPATH_WB_NODIRTY_pct,       33.271
MLC_HIT_ONPATH_WB_NODIRTY_total_count,         32303
MLC_HIT_ONPATH_WB_NODIRTY_total_pct,       35.645
MLC_HIT_ONPATH_WB_NODIRTY_sum_count,         46238
MLC_HIT_ONPATH_WB_NODIRTY_sum_pct,      100.000
MLC_HIT_ONPATH_WB_NODIRTY_sum_total_count,         90623
MLC_HIT_ONPATH_WB_NODIRTY_sum_total_pct,      100.000
MLC_HIT_ONPATH_WB_NODIRTY_mean,         3.35
MLC_HIT_ONPATH_WB_NODIRTY_stddev,         2.98
MLC_HIT_ONPATH_WB_NODIRTY_total_mean,         3.45
MLC_HIT_ONPATH_WB_NODIRTY_total_stddev,         3.07

MLC_HIT_OFFPATH_IFETCH_count,           299
MLC_HIT_OFFPATH_IFETCH_pct,        4.306
MLC_HIT_OFFPATH_IFETCH_total_count,           665
MLC_HIT_OFFPATH_IFETCH_total_pct,        4.938

MLC_HIT_OFFPATH_DFETCH_count,          1651
MLC_HIT_OFFPATH_DFETCH_pct,       23.776
MLC_HIT_OFFPATH_DFETCH_total_count,          3175
MLC_HIT_OFFPATH_DFETCH_total_pct,       23.574

MLC_HIT_OFFPATH_DSTORE_count,           174
MLC_HIT_OFFPATH_DSTORE_pct,        2.506
MLC_HIT_OFFPATH_DSTORE_total_count,           302
MLC_HIT_OFFPATH_DSTORE_total_pct,        2.242

MLC_HIT_OFFPATH_IPRF_count,             0
MLC_HIT_OFFPATH_IPRF_pct,        0.000
MLC_HIT_OFFPATH_IPRF_total_count,             0
MLC_HIT_OFFPATH_IPRF_total_pct,        0.000

MLC_HIT_OFFPATH_DPRF_count,             0
MLC_HIT_OFFPATH_DPRF_pct,        0.000
MLC_HIT_OFFPATH_DPRF_total_count,             0
MLC_HIT_OFFPATH_DPRF_total_pct,        0.000

MLC_HIT_OFFPATH_WB_count,          4583
MLC_HIT_OFFPATH_WB_pct,       65.999
MLC_HIT_OFFPATH_WB_total_count,          8943
MLC_HIT_OFFPATH_WB_total_pct,       66.402

MLC_HIT_OFFPATH_WB_NODIRTY_count,           237
MLC_HIT_OFFPATH_WB_NODIRTY_pct,        3.413
MLC_HIT_OFFPATH_WB_NODIRTY_total_count,           383
MLC_HIT_OFFPATH_WB_NODIRTY_total_pct,        2.844
MLC_HIT_OFFPATH_WB_NODIRTY_sum_count,          6944
MLC_HIT_OFFPATH_WB_NODIRTY_sum_pct,      100.000
MLC_HIT_OFFPATH_WB_NODIRTY_sum_total_count,         13468
MLC_HIT_OFFPATH_WB_NODIRTY_sum_total_pct,      100.000
MLC_HIT_OFFPATH_WB_NODIRTY_mean,         3.79
MLC_HIT_OFFPATH_WB_NODIRTY_stddev,         1.89
MLC_HIT_OFFPATH_WB_NODIRTY_total_mean,         3.77
MLC_HIT_OFFPATH_WB_NODIRTY_total_stddev,         1.85

L1_MISS_ONPATH_IFETCH_count,            26
L1_MISS_ONPATH_IFETCH_pct,        0.203
L1_MISS_ONPATH_IFETCH_total_count,           189
L1_MISS_ONPATH_IFETCH_total_pct,        0.637

L1_MISS_ONPATH_DFETCH_count,          6756
L1_MISS_ONPATH_DFETCH_pct,       52.736
L1_MISS_ONPATH_DFETCH_total_count,         15668
L1_MISS_ONPATH_DFETCH_total_pct,       52.831

L1_MISS_ONPATH_DSTORE_count,           244
L1_MISS_ONPATH_DSTORE_pct,        1.905
L1_MISS_ONPATH_DSTORE_total_count,           705
L1_MISS_ONPATH_DSTORE_total_pct,        2.377

L1_MISS_ONPATH_IPRF_count,             0
L1_MISS_ONPATH_IPRF_pct,        0.000
L1_MISS_ONPATH_IPRF_total_count,             0
L1_MISS_ONPATH_IPRF_total_pct,        0.000

L1_MISS_ONPATH_DPRF_count,             0
L1_MISS_ONPATH_DPRF_pct,        0.000
L1_MISS_ONPATH_DPRF_total_count,             0
L1_MISS_ONPATH_DPRF_total_pct,        0.000

L1_MISS_ONPATH_WB_count,             9
L1_MISS_ONPATH_WB_pct,        0.070
L1_MISS_ONPATH_WB_total_count,            63
L1_MISS_ONPATH_WB_total_pct,        0.212

L1_MISS_ONPATH_WB_NODIRTY_count,          5776
L1_MISS_ONPATH_WB_NODIRTY_pct,       45.086
L1_MISS_ONPATH_WB_NODIRTY_total_count,         13032
L1_MISS_ONPATH_WB_NODIRTY_total_pct,       43.942
L1_MISS_ONPATH_WB_NODIRTY_sum_count,         12811
L1_MISS_ONPATH_WB_NODIRTY_sum_pct,      100.000
L1_MISS_ONPATH_WB_NODIRTY_sum_total_count,         29657
L1_MISS_ONPATH_WB_NODIRTY_sum_total_pct,      100.000
L1_MISS_ONPATH_WB_NODIRTY_mean,         3.27
L1_MISS_ONPATH_WB_NODIRTY_stddev,         3.31
L1_MISS_ONPATH_WB_NODIRTY_total_mean,         3.22
L1_MISS_ONPATH_WB_NODIRTY_total_stddev,         3.26

L1_MISS_OFFPATH_IFETCH_count,             7
L1_MISS_OFFPATH_IFETCH_pct,        3.763
L1_MISS_OFFPATH_IFETCH_total_count,            92
L1_MISS_OFFPATH_IFETCH_total_pct,        3.355

L1_MISS_OFFPATH_DFETCH_count,            26
L1_MISS_OFFPATH_DFETCH_pct,       13.978
L1_MISS_OFFPATH_DFETCH_total_count,            68
L1_MISS_OFFPATH_DFETCH_total_pct,        2.480

L1_MISS_OFFPATH_DSTORE_count,             0
L1_MISS_OFFPATH_DSTORE_pct,        0.000
L1_MISS_OFFPATH_DSTORE_total_count,             0
L1_MISS_OFFPATH_DSTORE_total_pct,        0.000

L1_MISS_OFFPATH_IPRF_count,             0
L1_MISS_OFFPATH_IPRF_pct,        0.000
L1_MISS_OFFPATH_IPRF_total_count,             0
L1_MISS_OFFPATH_IPRF_total_pct,        0.000

L1_MISS_OFFPATH_DPRF_count,             0
L1_MISS_OFFPATH_DPRF_pct,        0.000
L1_MISS_OFFPATH_DPRF_total_count,             0
L1_MISS_OFFPATH_DPRF_total_pct,        0.000

L1_MISS_OFFPATH_WB_count,           153
L1_MISS_OFFPATH_WB_pct,       82.258
L1_MISS_OFFPATH_WB_total_count,          2582
L1_MISS_OFFPATH_WB_total_pct,       94.165

L1_MISS_OFFPATH_WB_NODIRTY_count,             0
L1_MISS_OFFPATH_WB_NODIRTY_pct,        0.000
L1_MISS_OFFPATH_WB_NODIRTY_total_count,             0
L1_MISS_OFFPATH_WB_NODIRTY_total_pct,        0.000
L1_MISS_OFFPATH_WB_NODIRTY_sum_count,           186
L1_MISS_OFFPATH_WB_NODIRTY_sum_pct,      100.000
L1_MISS_OFFPATH_WB_NODIRTY_sum_total_count,          2742
L1_MISS_OFFPATH_WB_NODIRTY_sum_total_pct,      100.000
L1_MISS_OFFPATH_WB_NODIRTY_mean,         4.25
L1_MISS_OFFPATH_WB_NODIRTY_stddev,         1.40
L1_MISS_OFFPATH_WB_NODIRTY_total_mean,         4.73
L1_MISS_OFFPATH_WB_NODIRTY_total_stddev,         0.64

L1_HIT_ONPATH_IFETCH_count,           135
L1_HIT_ONPATH_IFETCH_pct,        0.850
L1_HIT_ONPATH_IFETCH_total_count,           199
L1_HIT_ONPATH_IFETCH_total_pct,        0.664

L1_HIT_ONPATH_DFETCH_count,          5551
L1_HIT_ONPATH_DFETCH_pct,       34.945
L1_HIT_ONPATH_DFETCH_total_count,         11252
L1_HIT_ONPATH_DFETCH_total_pct,       37.571

L1_HIT_ONPATH_DSTORE_count,           168
L1_HIT_ONPATH_DSTORE_pct,        1.058
L1_HIT_ONPATH_DSTORE_total_count,           264
L1_HIT_ONPATH_DSTORE_total_pct,        0.881

L1_HIT_ONPATH_IPRF_count,             0
L1_HIT_ONPATH_IPRF_pct,        0.000
L1_HIT_ONPATH_IPRF_total_count,             0
L1_HIT_ONPATH_IPRF_total_pct,        0.000

L1_HIT_ONPATH_DPRF_count,             0
L1_HIT_ONPATH_DPRF_pct,        0.000
L1_HIT_ONPATH_DPRF_total_count,             0
L1_HIT_ONPATH_DPRF_total_pct,        0.000

L1_HIT_ONPATH_WB_count,           129
L1_HIT_ONPATH_WB_pct,        0.812
L1_HIT_ONPATH_WB_total_count,           182
L1_HIT_ONPATH_WB_total_pct,        0.608

L1_HIT_ONPATH_WB_NODIRTY_count,          9902
L1_HIT_ONPATH_WB_NODIRTY_pct,       62.336
L1_HIT_ONPATH_WB_NODIRTY_total_count,         18052
L1_HIT_ONPATH_WB_NODIRTY_total_pct,       60.276
L1_HIT_ONPATH_WB_NODIRTY_sum_count,         15885
L1_HIT_ONPATH_WB_NODIRTY_sum_pct,      100.000
L1_HIT_ONPATH_WB_NODIRTY_sum_total_count,         29949
L1_HIT_ONPATH_WB_NODIRTY_sum_total_pct,      100.000
L1_HIT_ONPATH_WB_NODIRTY_mean,         4.15
L1_HIT_ONPATH_WB_NODIRTY_stddev,         4.05
L1_HIT_ONPATH_WB_NODIRTY_total_mean,         4.04
L1_HIT_ONPATH_WB_NODIRTY_total_stddev,         3.96

L1_HIT_OFFPATH_IFETCH_count,            57
L1_HIT_OFFPATH_IFETCH_pct,       14.286
L1_HIT_OFFPATH_IFETCH_total_count,            92
L1_HIT_OFFPATH_IFETCH_total_pct,       15.157

L1_HIT_OFFPATH_DFETCH_count,            63
L1_HIT_OFFPATH_DFETCH_pct,       15.789
L1_HIT_OFFPATH_DFETCH_total_count,            81
L1_HIT_OFFPATH_DFETCH_total_pct,       13.344

L1_HIT_OFFPATH_DSTORE_count,             0
L1_HIT_OFFPATH_DSTORE_pct,        0.000
L1_HIT_OFFPATH_DSTORE_total_count,             0
L1_HIT_OFFPATH_DSTORE_total_pct,        0.000

L1_HIT_OFFPATH_IPRF_count,             0
L1_HIT_OFFPATH_IPRF_pct,        0.000
L1_HIT_OFFPATH_IPRF_total_count,             0
L1_HIT_OFFPATH_IPRF_total_pct,        0.000

L1_HIT_OFFPATH_DPRF_count,             0
L1_HIT_OFFPATH_DPRF_pct,        0.000
L1_HIT_OFFPATH_DPRF_total_count,             0
L1_HIT_OFFPATH_DPRF_total_pct,        0.000

L1_HIT_OFFPATH_WB_count,           267
L1_HIT_OFFPATH_WB_pct,       66.917
L1_HIT_OFFPATH_WB_total_count,           420
L1_HIT_OFFPATH_WB_total_pct,       69.193

L1_HIT_OFFPATH_WB_NODIRTY_count,            12
L1_HIT_OFFPATH_WB_NODIRTY_pct,        3.008
L1_HIT_OFFPATH_WB_NODIRTY_total_count,            14
L1_HIT_OFFPATH_WB_NODIRTY_total_pct,        2.306
L1_HIT_OFFPATH_WB_NODIRTY_sum_count,           399
L1_HIT_OFFPATH_WB_NODIRTY_sum_pct,      100.000
L1_HIT_OFFPATH_WB_NODIRTY_sum_total_count,           607
L1_HIT_OFFPATH_WB_NODIRTY_sum_total_pct,      100.000
L1_HIT_OFFPATH_WB_NODIRTY_mean,         3.68
L1_HIT_OFFPATH_WB_NODIRTY_stddev,         1.69
L1_HIT_OFFPATH_WB_NODIRTY_total_mean,         3.73
L1_HIT_OFFPATH_WB_NODIRTY_total_stddev,         1.60

DRAM_CYCLES_count,             0
DRAM_CYCLES_total_count,             0

DRAM_UNBLOCK_CYCLES_count,             0
DRAM_UNBLOCK_CYCLES_pct,         -nan
DRAM_UNBLOCK_CYCLES_total_count,             0
DRAM_UNBLOCK_CYCLES_total_pct,         -nan

DRAM_UNBLOCK_PERIODS_count,             0
DRAM_UNBLOCK_PERIODS_total_count,             0

MEM_REQ_BUFFER_FULL_count,             0
MEM_REQ_BUFFER_FULL_total_count,             0

MEM_REQ_BUFFER_FULL_DENIED_DEMAND_count,             0
MEM_REQ_BUFFER_FULL_DENIED_DEMAND_total_count,             0

CORE_MEM_BLOCKED_count,             0
CORE_MEM_BLOCKED_total_count,             0

MEM_REQ_BUFFER_FULL_DENIED_IFETCH_count,             0
MEM_REQ_BUFFER_FULL_DENIED_IFETCH_pct,         -nan
MEM_REQ_BUFFER_FULL_DENIED_IFETCH_total_count,             0
MEM_REQ_BUFFER_FULL_DENIED_IFETCH_total_pct,         -nan

MEM_REQ_BUFFER_FULL_DENIED_DFETCH_count,             0
MEM_REQ_BUFFER_FULL_DENIED_DFETCH_pct,         -nan
MEM_REQ_BUFFER_FULL_DENIED_DFETCH_total_count,             0
MEM_REQ_BUFFER_FULL_DENIED_DFETCH_total_pct,         -nan

MEM_REQ_BUFFER_FULL_DENIED_DSTORE_count,             0
MEM_REQ_BUFFER_FULL_DENIED_DSTORE_pct,         -nan
MEM_REQ_BUFFER_FULL_DENIED_DSTORE_total_count,             0
MEM_REQ_BUFFER_FULL_DENIED_DSTORE_total_pct,         -nan

MEM_REQ_BUFFER_FULL_DENIED_IPRF_count,             0
MEM_REQ_BUFFER_FULL_DENIED_IPRF_pct,         -nan
MEM_REQ_BUFFER_FULL_DENIED_IPRF_total_count,             0
MEM_REQ_BUFFER_FULL_DENIED_IPRF_total_pct,         -nan

MEM_REQ_BUFFER_FULL_DENIED_DPRF_count,             0
MEM_REQ_BUFFER_FULL_DENIED_DPRF_pct,         -nan
MEM_REQ_BUFFER_FULL_DENIED_DPRF_total_count,             0
MEM_REQ_BUFFER_FULL_DENIED_DPRF_total_pct,         -nan

MEM_REQ_BUFFER_FULL_DENIED_WB_count,             0
MEM_REQ_BUFFER_FULL_DENIED_WB_pct,         -nan
MEM_REQ_BUFFER_FULL_DENIED_WB_total_count,             0
MEM_REQ_BUFFER_FULL_DENIED_WB_total_pct,         -nan

MEM_REQ_BUFFER_FULL_DENIED_WB_NODIRTY_count,             0
MEM_REQ_BUFFER_FULL_DENIED_WB_NODIRTY_pct,         -nan
MEM_REQ_BUFFER_FULL_DENIED_WB_NODIRTY_total_count,             0
MEM_REQ_BUFFER_FULL_DENIED_WB_NODIRTY_total_pct,         -nan
MEM_REQ_BUFFER_FULL_DENIED_WB_NODIRTY_sum_count,             0
MEM_REQ_BUFFER_FULL_DENIED_WB_NODIRTY_sum_pct,         -nan
MEM_REQ_BUFFER_FULL_DENIED_WB_NODIRTY_sum_total_count,             0
MEM_REQ_BUFFER_FULL_DENIED_WB_NODIRTY_sum_total_pct,         -nan
MEM_REQ_BUFFER_FULL_DENIED_WB_NODIRTY_mean,         -nan
MEM_REQ_BUFFER_FULL_DENIED_WB_NODIRTY_stddev,         -nan
MEM_REQ_BUFFER_FULL_DENIED_WB_NODIRTY_total_mean,         -nan
MEM_REQ_BUFFER_FULL_DENIED_WB_NODIRTY_total_stddev,         -nan

MEM_QUEUE_FULL_count,             0
MEM_QUEUE_FULL_total_count,             0

MEM_REQ_BUFFER_MISS_count,         82979
MEM_REQ_BUFFER_MISS_pct,       44.508
MEM_REQ_BUFFER_MISS_total_count,        167593
MEM_REQ_BUFFER_MISS_total_pct,       43.146

MEM_REQ_BUFFER_HIT_count,        103456
MEM_REQ_BUFFER_HIT_pct,       55.492
MEM_REQ_BUFFER_HIT_total_count,        220837
MEM_REQ_BUFFER_HIT_total_pct,       56.854
MEM_REQ_BUFFER_HIT_sum_count,        186435
MEM_REQ_BUFFER_HIT_sum_pct,      100.000
MEM_REQ_BUFFER_HIT_sum_total_count,        388430
MEM_REQ_BUFFER_HIT_sum_total_pct,      100.000
MEM_REQ_BUFFER_HIT_mean,         0.55
MEM_REQ_BUFFER_HIT_stddev,         0.53
MEM_REQ_BUFFER_HIT_total_mean,         0.57
MEM_REQ_BUFFER_HIT_total_stddev,         0.54

MEM_REQ_FDIP_BUFFER_HIT_count,          9113
MEM_REQ_FDIP_BUFFER_HIT_total_count,         19023

MEM_REQ_FDIP_CYCLE_DELTA_count,        105088
MEM_REQ_FDIP_CYCLE_DELTA_total_count,        506939

MEM_REQ_DEMAND_ICACHE_BUFFER_HIT_count,            14
MEM_REQ_DEMAND_ICACHE_BUFFER_HIT_total_count,           130

MEM_REQ_DEMAND_ICACHE_CYCLE_DELTA_count,           342
MEM_REQ_DEMAND_ICACHE_CYCLE_DELTA_total_count,         15836

MEM_REQ_IFETCH_count,            33
MEM_REQ_IFETCH_pct,        0.040
MEM_REQ_IFETCH_total_count,           204
MEM_REQ_IFETCH_total_pct,        0.122

MEM_REQ_DFETCH_count,         32945
MEM_REQ_DFETCH_pct,       39.703
MEM_REQ_DFETCH_total_count,         65227
MEM_REQ_DFETCH_total_pct,       38.920

MEM_REQ_DSTORE_count,          3568
MEM_REQ_DSTORE_pct,        4.300
MEM_REQ_DSTORE_total_count,          7474
MEM_REQ_DSTORE_total_pct,        4.460

MEM_REQ_IPRF_count,             0
MEM_REQ_IPRF_pct,        0.000
MEM_REQ_IPRF_total_count,             0
MEM_REQ_IPRF_total_pct,        0.000

MEM_REQ_DPRF_count,             0
MEM_REQ_DPRF_pct,        0.000
MEM_REQ_DPRF_total_count,             0
MEM_REQ_DPRF_total_pct,        0.000

MEM_REQ_WB_count,         14569
MEM_REQ_WB_pct,       17.557
MEM_REQ_WB_total_count,         30270
MEM_REQ_WB_total_pct,       18.062

MEM_REQ_WB_NODIRTY_count,         31864
MEM_REQ_WB_NODIRTY_pct,       38.400
MEM_REQ_WB_NODIRTY_total_count,         64418
MEM_REQ_WB_NODIRTY_total_pct,       38.437
MEM_REQ_WB_NODIRTY_sum_count,         82979
MEM_REQ_WB_NODIRTY_sum_pct,      100.000
MEM_REQ_WB_NODIRTY_sum_total_count,        167593
MEM_REQ_WB_NODIRTY_sum_total_pct,      100.000
MEM_REQ_WB_NODIRTY_mean,         3.66
MEM_REQ_WB_NODIRTY_stddev,         3.24
MEM_REQ_WB_NODIRTY_total_mean,         3.69
MEM_REQ_WB_NODIRTY_total_stddev,         3.25

LD_NO_FORWARD_count,       3515098
LD_NO_FORWARD_pct,       73.304
LD_NO_FORWARD_total_count,       6841891
LD_NO_FORWARD_total_pct,       73.300

FORWARDED_LD_count,       1280131
FORWARDED_LD_pct,       26.696
FORWARDED_LD_total_count,       2492251
FORWARDED_LD_total_pct,       26.700
FORWARDED_LD_sum_count,       4795229
FORWARDED_LD_sum_pct,      100.000
FORWARDED_LD_sum_total_count,       9334142
FORWARDED_LD_sum_total_pct,      100.000
FORWARDED_LD_mean,         0.27
FORWARDED_LD_stddev,         0.40
FORWARDED_LD_total_mean,         0.27
FORWARDED_LD_total_stddev,         0.40

WRONGPATH_L1Q_REMOVALS_count,             0
WRONGPATH_L1Q_REMOVALS_pct,         -nan
WRONGPATH_L1Q_REMOVALS_total_count,             0
WRONGPATH_L1Q_REMOVALS_total_pct,         -nan

WRONGPATH_BUSQ_REMOVALS_count,             0
WRONGPATH_BUSQ_REMOVALS_pct,         -nan
WRONGPATH_BUSQ_REMOVALS_total_count,             0
WRONGPATH_BUSQ_REMOVALS_total_pct,         -nan

WRONGPATH_MEMQ_REMOVALS_count,             0
WRONGPATH_MEMQ_REMOVALS_pct,         -nan
WRONGPATH_MEMQ_REMOVALS_total_count,             0
WRONGPATH_MEMQ_REMOVALS_total_pct,         -nan

WRONGPATH_L1FILLQ_REMOVALS_count,             0
WRONGPATH_L1FILLQ_REMOVALS_pct,         -nan
WRONGPATH_L1FILLQ_REMOVALS_total_count,             0
WRONGPATH_L1FILLQ_REMOVALS_total_pct,         -nan
WRONGPATH_L1FILLQ_REMOVALS_sum_count,             0
WRONGPATH_L1FILLQ_REMOVALS_sum_pct,         -nan
WRONGPATH_L1FILLQ_REMOVALS_sum_total_count,             0
WRONGPATH_L1FILLQ_REMOVALS_sum_total_pct,         -nan
WRONGPATH_L1FILLQ_REMOVALS_mean,         -nan
WRONGPATH_L1FILLQ_REMOVALS_stddev,         -nan
WRONGPATH_L1FILLQ_REMOVALS_total_mean,         -nan
WRONGPATH_L1FILLQ_REMOVALS_total_stddev,         -nan

WRONGPATH_L1Q_DEMOTIONS_count,             0
WRONGPATH_L1Q_DEMOTIONS_pct,         -nan
WRONGPATH_L1Q_DEMOTIONS_total_count,             0
WRONGPATH_L1Q_DEMOTIONS_total_pct,         -nan

WRONGPATH_BUSQ_DEMOTIONS_count,             0
WRONGPATH_BUSQ_DEMOTIONS_pct,         -nan
WRONGPATH_BUSQ_DEMOTIONS_total_count,             0
WRONGPATH_BUSQ_DEMOTIONS_total_pct,         -nan

WRONGPATH_MEMQ_DEMOTIONS_count,             0
WRONGPATH_MEMQ_DEMOTIONS_pct,         -nan
WRONGPATH_MEMQ_DEMOTIONS_total_count,             0
WRONGPATH_MEMQ_DEMOTIONS_total_pct,         -nan

WRONGPATH_L1FILLQ_DEMOTIONS_count,             0
WRONGPATH_L1FILLQ_DEMOTIONS_pct,         -nan
WRONGPATH_L1FILLQ_DEMOTIONS_total_count,             0
WRONGPATH_L1FILLQ_DEMOTIONS_total_pct,         -nan
WRONGPATH_L1FILLQ_DEMOTIONS_sum_count,             0
WRONGPATH_L1FILLQ_DEMOTIONS_sum_pct,         -nan
WRONGPATH_L1FILLQ_DEMOTIONS_sum_total_count,             0
WRONGPATH_L1FILLQ_DEMOTIONS_sum_total_pct,         -nan
WRONGPATH_L1FILLQ_DEMOTIONS_mean,         -nan
WRONGPATH_L1FILLQ_DEMOTIONS_stddev,         -nan
WRONGPATH_L1FILLQ_DEMOTIONS_total_mean,         -nan
WRONGPATH_L1FILLQ_DEMOTIONS_total_stddev,         -nan

PROMOTION_QMLC_count,          1784
PROMOTION_QMLC_pct,       92.244
PROMOTION_QMLC_total_count,          3618
PROMOTION_QMLC_total_pct,       93.513

PROMOTION_QL1_count,           150
PROMOTION_QL1_pct,        7.756
PROMOTION_QL1_total_count,           251
PROMOTION_QL1_total_pct,        6.487
PROMOTION_QL1_sum_count,          1934
PROMOTION_QL1_sum_pct,      100.000
PROMOTION_QL1_sum_total_count,          3869
PROMOTION_QL1_sum_total_pct,      100.000
PROMOTION_QL1_mean,         0.08
PROMOTION_QL1_stddev,         0.26
PROMOTION_QL1_total_mean,         0.06
PROMOTION_QL1_total_stddev,         0.24

PROMOTION_QBUSOUT_count,             0
PROMOTION_QBUSOUT_total_count,             0

PROMOTION_QMEM_count,             0
PROMOTION_QMEM_total_count,             0

PROMOTION_QL1FILL_count,             5
PROMOTION_QL1FILL_total_count,            24

PROMOTION_QMLC_FILL_count,            11
PROMOTION_QMLC_FILL_total_count,            27

NOPROMOTION_QMEM_count,             0
NOPROMOTION_QMEM_total_count,             0

NOPROMOTION_QL1FILL_count,             0
NOPROMOTION_QL1FILL_pct,         -nan
NOPROMOTION_QL1FILL_total_count,             0
NOPROMOTION_QL1FILL_total_pct,         -nan

NOPROMOTION_QMLC_FILL_count,             0
NOPROMOTION_QMLC_FILL_pct,         -nan
NOPROMOTION_QMLC_FILL_total_count,             0
NOPROMOTION_QMLC_FILL_total_pct,         -nan
NOPROMOTION_QMLC_FILL_sum_count,             0
NOPROMOTION_QMLC_FILL_sum_pct,         -nan
NOPROMOTION_QMLC_FILL_sum_total_count,             0
NOPROMOTION_QMLC_FILL_sum_total_pct,         -nan
NOPROMOTION_QMLC_FILL_mean,         -nan
NOPROMOTION_QMLC_FILL_stddev,         -nan
NOPROMOTION_QMLC_FILL_total_mean,         -nan
NOPROMOTION_QMLC_FILL_total_stddev,         -nan

PROMOTION_FROM_FDIP_OFF_TO_ON_count,             0
PROMOTION_FROM_FDIP_OFF_TO_ON_total_count,            10

ICACHE_FILL_CORRECT_REQ_count,          1915
ICACHE_FILL_CORRECT_REQ_pct,       12.887
ICACHE_FILL_CORRECT_REQ_total_count,          4284
ICACHE_FILL_CORRECT_REQ_total_pct,       13.865

ICACHE_FILL_INCORRECT_REQ_count,         12945
ICACHE_FILL_INCORRECT_REQ_pct,       87.113
ICACHE_FILL_INCORRECT_REQ_total_count,         26613
ICACHE_FILL_INCORRECT_REQ_total_pct,       86.135
ICACHE_FILL_INCORRECT_REQ_sum_count,         14860
ICACHE_FILL_INCORRECT_REQ_sum_pct,      100.000
ICACHE_FILL_INCORRECT_REQ_sum_total_count,         30897
ICACHE_FILL_INCORRECT_REQ_sum_total_pct,      100.000
ICACHE_FILL_INCORRECT_REQ_mean,         0.87
ICACHE_FILL_INCORRECT_REQ_stddev,         0.82
ICACHE_FILL_INCORRECT_REQ_total_mean,         0.86
ICACHE_FILL_INCORRECT_REQ_total_stddev,         0.81

ICACHE_FILL_CORRECT_REQ_BY_FDIP_count,          1892
ICACHE_FILL_CORRECT_REQ_BY_FDIP_pct,       12.732
ICACHE_FILL_CORRECT_REQ_BY_FDIP_total_count,          4154
ICACHE_FILL_CORRECT_REQ_BY_FDIP_total_pct,       13.445

ICACHE_FILL_INCORRECT_REQ_BY_FDIP_count,         12935
ICACHE_FILL_INCORRECT_REQ_BY_FDIP_pct,       87.046
ICACHE_FILL_INCORRECT_REQ_BY_FDIP_total_count,         26539
ICACHE_FILL_INCORRECT_REQ_BY_FDIP_total_pct,       85.895

ICACHE_FILL_CORRECT_REQ_BY_ICACHE_DEMAND_count,            23
ICACHE_FILL_CORRECT_REQ_BY_ICACHE_DEMAND_pct,        0.155
ICACHE_FILL_CORRECT_REQ_BY_ICACHE_DEMAND_total_count,           130
ICACHE_FILL_CORRECT_REQ_BY_ICACHE_DEMAND_total_pct,        0.421

ICACHE_FILL_INCORRECT_REQ_BY_ICACHE_DEMA_count,            10
ICACHE_FILL_INCORRECT_REQ_BY_ICACHE_DEMA_pct,        0.067
ICACHE_FILL_INCORRECT_REQ_BY_ICACHE_DEMA_total_count,            74
ICACHE_FILL_INCORRECT_REQ_BY_ICACHE_DEMA_total_pct,        0.240
ICACHE_FILL_INCORRECT_REQ_BY_ICACHE_DEMA_sum_count,         14860
ICACHE_FILL_INCORRECT_REQ_BY_ICACHE_DEMA_sum_pct,      100.000
ICACHE_FILL_INCORRECT_REQ_BY_ICACHE_DEMA_sum_total_count,         30897
ICACHE_FILL_INCORRECT_REQ_BY_ICACHE_DEMA_sum_total_pct,      100.000
ICACHE_FILL_INCORRECT_REQ_BY_ICACHE_DEMA_mean,         0.88
ICACHE_FILL_INCORRECT_REQ_BY_ICACHE_DEMA_stddev,         0.14
ICACHE_FILL_INCORRECT_REQ_BY_ICACHE_DEMA_total_mean,         0.87
ICACHE_FILL_INCORRECT_REQ_BY_ICACHE_DEMA_total_stddev,         0.18

ICACHE_FILL_CORRECT_REQ_BY_ON_FDIP_HIT_B_count,          1310
ICACHE_FILL_CORRECT_REQ_BY_ON_FDIP_HIT_B_total_count,          2676

ICACHE_FILL_CORRECT_REQ_BY_OFF_FDIP_HIT__count,             0
ICACHE_FILL_CORRECT_REQ_BY_OFF_FDIP_HIT__total_count,             0

ICACHE_FILL_INCORRECT_REQ_BY_ON_FDIP_HIT_count,           257
ICACHE_FILL_INCORRECT_REQ_BY_ON_FDIP_HIT_total_count,           534

ICACHE_FILL_INCORRECT_REQ_BY_OFF_FDIP_HI_count,             0
ICACHE_FILL_INCORRECT_REQ_BY_OFF_FDIP_HI_total_count,             0

ICACHE_FILL_CORRECT_REQ_CYCLE_DELTA_count,   14625068889
ICACHE_FILL_CORRECT_REQ_CYCLE_DELTA_total_count,   18808581609

ICACHE_FILL_CORRECT_REQ_CYCLE_DELTA_BY_I_count,           911
ICACHE_FILL_CORRECT_REQ_CYCLE_DELTA_BY_I_total_count,          9092

ICACHE_FILL_CORRECT_REQ_CYCLE_DELTA_BY_F_count,         52373
ICACHE_FILL_CORRECT_REQ_CYCLE_DELTA_BY_F_total_count,        248156

ICACHE_FILL_CORRECT_REQ_CYCLE_DELTA_BY_O_count,         16758
ICACHE_FILL_CORRECT_REQ_CYCLE_DELTA_BY_O_total_count,         56216

ICACHE_FILL_CORRECT_REQ_CYCLE_DELTA_BY_O_count,             0
ICACHE_FILL_CORRECT_REQ_CYCLE_DELTA_BY_O_total_count,             0

ICACHE_FILL_INCORRECT_REQ_CYCLE_DELTA_count,  102314832393
ICACHE_FILL_INCORRECT_REQ_CYCLE_DELTA_total_count,  132608588708

ICACHE_FILL_INCORRECT_REQ_CYCLE_DELTA_BY_count,           563
ICACHE_FILL_INCORRECT_REQ_CYCLE_DELTA_BY_total_count,          5520

ICACHE_FILL_INCORRECT_REQ_CYCLE_DELTA_BY_count,        237906
ICACHE_FILL_INCORRECT_REQ_CYCLE_DELTA_BY_total_count,       1463112

ICACHE_FILL_INCORRECT_REQ_CYCLE_DELTA_BY_count,             0
ICACHE_FILL_INCORRECT_REQ_CYCLE_DELTA_BY_total_count,             0

ICACHE_FILL_INCORRECT_REQ_CYCLE_DELTA_BY_count,             0
ICACHE_FILL_INCORRECT_REQ_CYCLE_DELTA_BY_total_count,             0

MEM_REQ_INIT_count,         82979
MEM_REQ_INIT_total_count,        167593

MEM_REQ_COMPLETE_count,         82527
MEM_REQ_COMPLETE_pct,        0.995
MEM_REQ_COMPLETE_total_count,        167141
MEM_REQ_COMPLETE_total_pct,        0.997

MEM_REQ_KILLED_count,           452
MEM_REQ_KILLED_pct,        0.005
MEM_REQ_KILLED_total_count,           452
MEM_REQ_KILLED_total_pct,        0.003

MEM_REQ_COMPLETE_MLC_count,         53246
MEM_REQ_COMPLETE_MLC_pct,        0.642
MEM_REQ_COMPLETE_MLC_total_count,        104186
MEM_REQ_COMPLETE_MLC_total_pct,        0.622

MEM_REQ_COMPLETE_L1_count,          9914
MEM_REQ_COMPLETE_L1_pct,        0.119
MEM_REQ_COMPLETE_L1_total_count,         18064
MEM_REQ_COMPLETE_L1_total_pct,        0.108

MEM_REQ_COMPLETE_MEM_count,         19367
MEM_REQ_COMPLETE_MEM_pct,        0.233
MEM_REQ_COMPLETE_MEM_total_count,         44891
MEM_REQ_COMPLETE_MEM_total_pct,        0.268

MEM_REQ_INIT_ONPATH_count,         74923
MEM_REQ_INIT_ONPATH_pct,        0.903
MEM_REQ_INIT_ONPATH_total_count,        149729
MEM_REQ_INIT_ONPATH_total_pct,        0.893

MEM_REQ_INIT_OFFPATH_count,          8056
MEM_REQ_INIT_OFFPATH_pct,        0.097
MEM_REQ_INIT_OFFPATH_total_count,         17864
MEM_REQ_INIT_OFFPATH_total_pct,        0.107

MEM_REQ_COMPLETE_ONPATH_count,         75022
MEM_REQ_COMPLETE_ONPATH_pct,        0.909
MEM_REQ_COMPLETE_ONPATH_total_count,        150389
MEM_REQ_COMPLETE_ONPATH_total_pct,        0.900

MEM_REQ_COMPLETE_OFFPATH_count,          7505
MEM_REQ_COMPLETE_OFFPATH_pct,        0.091
MEM_REQ_COMPLETE_OFFPATH_total_count,         16752
MEM_REQ_COMPLETE_OFFPATH_total_pct,        0.100

MEM_REQ_INIT_IFETCH_count,            33
MEM_REQ_INIT_IFETCH_pct,        0.064
MEM_REQ_INIT_IFETCH_total_count,           204
MEM_REQ_INIT_IFETCH_total_pct,        0.197

MEM_REQ_INIT_DFETCH_count,         32945
MEM_REQ_INIT_DFETCH_pct,       64.129
MEM_REQ_INIT_DFETCH_total_count,         65227
MEM_REQ_INIT_DFETCH_total_pct,       62.962

MEM_REQ_INIT_DSTORE_count,          3568
MEM_REQ_INIT_DSTORE_pct,        6.945
MEM_REQ_INIT_DSTORE_total_count,          7474
MEM_REQ_INIT_DSTORE_total_pct,        7.214

MEM_REQ_INIT_IPRF_count,             0
MEM_REQ_INIT_IPRF_pct,        0.000
MEM_REQ_INIT_IPRF_total_count,             0
MEM_REQ_INIT_IPRF_total_pct,        0.000

MEM_REQ_INIT_DPRF_count,             0
MEM_REQ_INIT_DPRF_pct,        0.000
MEM_REQ_INIT_DPRF_total_count,             0
MEM_REQ_INIT_DPRF_total_pct,        0.000

MEM_REQ_INIT_WB_count,         14569
MEM_REQ_INIT_WB_pct,       28.359
MEM_REQ_INIT_WB_total_count,         30270
MEM_REQ_INIT_WB_total_pct,       29.219

MEM_REQ_INIT_WB_NODIRTY_count,           258
MEM_REQ_INIT_WB_NODIRTY_pct,        0.502
MEM_REQ_INIT_WB_NODIRTY_total_count,           423
MEM_REQ_INIT_WB_NODIRTY_total_pct,        0.408
MEM_REQ_INIT_WB_NODIRTY_sum_count,         51373
MEM_REQ_INIT_WB_NODIRTY_sum_pct,      100.000
MEM_REQ_INIT_WB_NODIRTY_sum_total_count,        103598
MEM_REQ_INIT_WB_NODIRTY_sum_total_pct,      100.000
MEM_REQ_INIT_WB_NODIRTY_mean,         2.23
MEM_REQ_INIT_WB_NODIRTY_stddev,         1.80
MEM_REQ_INIT_WB_NODIRTY_total_mean,         2.26
MEM_REQ_INIT_WB_NODIRTY_total_stddev,         1.81

MEM_REQ_COMPLETE_IFETCH_count,         10262
MEM_REQ_COMPLETE_IFETCH_pct,       12.356
MEM_REQ_COMPLETE_IFETCH_total_count,         22310
MEM_REQ_COMPLETE_IFETCH_total_pct,       13.297

MEM_REQ_COMPLETE_DFETCH_count,         56300
MEM_REQ_COMPLETE_DFETCH_pct,       67.788
MEM_REQ_COMPLETE_DFETCH_total_count,        111112
MEM_REQ_COMPLETE_DFETCH_total_pct,       66.224

MEM_REQ_COMPLETE_DSTORE_count,          3568
MEM_REQ_COMPLETE_DSTORE_pct,        4.296
MEM_REQ_COMPLETE_DSTORE_total_count,          7474
MEM_REQ_COMPLETE_DSTORE_total_pct,        4.455

MEM_REQ_COMPLETE_IPRF_count,             0
MEM_REQ_COMPLETE_IPRF_pct,        0.000
MEM_REQ_COMPLETE_IPRF_total_count,             0
MEM_REQ_COMPLETE_IPRF_total_pct,        0.000

MEM_REQ_COMPLETE_DPRF_count,             0
MEM_REQ_COMPLETE_DPRF_pct,        0.000
MEM_REQ_COMPLETE_DPRF_total_count,             0
MEM_REQ_COMPLETE_DPRF_total_pct,        0.000

MEM_REQ_COMPLETE_WB_count,         12669
MEM_REQ_COMPLETE_WB_pct,       15.254
MEM_REQ_COMPLETE_WB_total_count,         26482
MEM_REQ_COMPLETE_WB_total_pct,       15.784

MEM_REQ_COMPLETE_WB_NODIRTY_count,           254
MEM_REQ_COMPLETE_WB_NODIRTY_pct,        0.306
MEM_REQ_COMPLETE_WB_NODIRTY_total_count,           404
MEM_REQ_COMPLETE_WB_NODIRTY_total_pct,        0.241
MEM_REQ_COMPLETE_WB_NODIRTY_sum_count,         83053
MEM_REQ_COMPLETE_WB_NODIRTY_sum_pct,      100.000
MEM_REQ_COMPLETE_WB_NODIRTY_sum_total_count,        167782
MEM_REQ_COMPLETE_WB_NODIRTY_sum_total_pct,      100.000
MEM_REQ_COMPLETE_WB_NODIRTY_mean,         1.54
MEM_REQ_COMPLETE_WB_NODIRTY_stddev,         1.45
MEM_REQ_COMPLETE_WB_NODIRTY_total_mean,         1.55
MEM_REQ_COMPLETE_WB_NODIRTY_total_stddev,         1.46

MEM_REQ_KILLED_IFETCH_count,         31080
MEM_REQ_KILLED_IFETCH_pct,      100.000
MEM_REQ_KILLED_IFETCH_total_count,         63354
MEM_REQ_KILLED_IFETCH_total_pct,      100.000

MEM_REQ_KILLED_DFETCH_count,             0
MEM_REQ_KILLED_DFETCH_pct,        0.000
MEM_REQ_KILLED_DFETCH_total_count,             0
MEM_REQ_KILLED_DFETCH_total_pct,        0.000

MEM_REQ_KILLED_DSTORE_count,             0
MEM_REQ_KILLED_DSTORE_pct,        0.000
MEM_REQ_KILLED_DSTORE_total_count,             0
MEM_REQ_KILLED_DSTORE_total_pct,        0.000

MEM_REQ_KILLED_IPRF_count,             0
MEM_REQ_KILLED_IPRF_pct,        0.000
MEM_REQ_KILLED_IPRF_total_count,             0
MEM_REQ_KILLED_IPRF_total_pct,        0.000

MEM_REQ_KILLED_DPRF_count,             0
MEM_REQ_KILLED_DPRF_pct,        0.000
MEM_REQ_KILLED_DPRF_total_count,             0
MEM_REQ_KILLED_DPRF_total_pct,        0.000

MEM_REQ_KILLED_WB_count,             0
MEM_REQ_KILLED_WB_pct,        0.000
MEM_REQ_KILLED_WB_total_count,             0
MEM_REQ_KILLED_WB_total_pct,        0.000

MEM_REQ_KILLED_WB_NODIRTY_count,             0
MEM_REQ_KILLED_WB_NODIRTY_pct,        0.000
MEM_REQ_KILLED_WB_NODIRTY_total_count,             0
MEM_REQ_KILLED_WB_NODIRTY_total_pct,        0.000
MEM_REQ_KILLED_WB_NODIRTY_sum_count,         31080
MEM_REQ_KILLED_WB_NODIRTY_sum_pct,      100.000
MEM_REQ_KILLED_WB_NODIRTY_sum_total_count,         63354
MEM_REQ_KILLED_WB_NODIRTY_sum_total_pct,      100.000
MEM_REQ_KILLED_WB_NODIRTY_mean,         0.00
MEM_REQ_KILLED_WB_NODIRTY_stddev,         0.00
MEM_REQ_KILLED_WB_NODIRTY_total_mean,         0.00
MEM_REQ_KILLED_WB_NODIRTY_total_stddev,         0.00

MEM_REQ_INIT_OFFPATH_IFETCH_count,           480
MEM_REQ_INIT_OFFPATH_IFETCH_pct,        5.642
MEM_REQ_INIT_OFFPATH_IFETCH_total_count,           638
MEM_REQ_INIT_OFFPATH_IFETCH_total_pct,        3.483

MEM_REQ_INIT_OFFPATH_DFETCH_count,          2149
MEM_REQ_INIT_OFFPATH_DFETCH_pct,       25.259
MEM_REQ_INIT_OFFPATH_DFETCH_total_count,          4144
MEM_REQ_INIT_OFFPATH_DFETCH_total_pct,       22.625

MEM_REQ_INIT_OFFPATH_DSTORE_count,           179
MEM_REQ_INIT_OFFPATH_DSTORE_pct,        2.104
MEM_REQ_INIT_OFFPATH_DSTORE_total_count,           309
MEM_REQ_INIT_OFFPATH_DSTORE_total_pct,        1.687

MEM_REQ_INIT_OFFPATH_IPRF_count,             0
MEM_REQ_INIT_OFFPATH_IPRF_pct,        0.000
MEM_REQ_INIT_OFFPATH_IPRF_total_count,             0
MEM_REQ_INIT_OFFPATH_IPRF_total_pct,        0.000

MEM_REQ_INIT_OFFPATH_DPRF_count,             0
MEM_REQ_INIT_OFFPATH_DPRF_pct,        0.000
MEM_REQ_INIT_OFFPATH_DPRF_total_count,             0
MEM_REQ_INIT_OFFPATH_DPRF_total_pct,        0.000

MEM_REQ_INIT_OFFPATH_WB_count,          5447
MEM_REQ_INIT_OFFPATH_WB_pct,       64.022
MEM_REQ_INIT_OFFPATH_WB_total_count,         12809
MEM_REQ_INIT_OFFPATH_WB_total_pct,       69.933

MEM_REQ_INIT_OFFPATH_WB_NODIRTY_count,           253
MEM_REQ_INIT_OFFPATH_WB_NODIRTY_pct,        2.974
MEM_REQ_INIT_OFFPATH_WB_NODIRTY_total_count,           416
MEM_REQ_INIT_OFFPATH_WB_NODIRTY_total_pct,        2.271
MEM_REQ_INIT_OFFPATH_WB_NODIRTY_sum_count,          8508
MEM_REQ_INIT_OFFPATH_WB_NODIRTY_sum_pct,      100.000
MEM_REQ_INIT_OFFPATH_WB_NODIRTY_sum_total_count,         18316
MEM_REQ_INIT_OFFPATH_WB_NODIRTY_sum_total_pct,      100.000
MEM_REQ_INIT_OFFPATH_WB_NODIRTY_mean,         3.67
MEM_REQ_INIT_OFFPATH_WB_NODIRTY_stddev,         1.89
MEM_REQ_INIT_OFFPATH_WB_NODIRTY_total_mean,         3.89
MEM_REQ_INIT_OFFPATH_WB_NODIRTY_total_stddev,         1.80

MEM_REQ_INIT_ONPATH_IFETCH_count,             5
MEM_REQ_INIT_ONPATH_IFETCH_pct,        0.012
MEM_REQ_INIT_ONPATH_IFETCH_total_count,            18
MEM_REQ_INIT_ONPATH_IFETCH_total_pct,        0.021

MEM_REQ_INIT_ONPATH_DFETCH_count,         30796
MEM_REQ_INIT_ONPATH_DFETCH_pct,       71.094
MEM_REQ_INIT_ONPATH_DFETCH_total_count,         61083
MEM_REQ_INIT_ONPATH_DFETCH_total_pct,       71.247

MEM_REQ_INIT_ONPATH_DSTORE_count,          3389
MEM_REQ_INIT_ONPATH_DSTORE_pct,        7.824
MEM_REQ_INIT_ONPATH_DSTORE_total_count,          7165
MEM_REQ_INIT_ONPATH_DSTORE_total_pct,        8.357

MEM_REQ_INIT_ONPATH_IPRF_count,             0
MEM_REQ_INIT_ONPATH_IPRF_pct,        0.000
MEM_REQ_INIT_ONPATH_IPRF_total_count,             0
MEM_REQ_INIT_ONPATH_IPRF_total_pct,        0.000

MEM_REQ_INIT_ONPATH_DPRF_count,             0
MEM_REQ_INIT_ONPATH_DPRF_pct,        0.000
MEM_REQ_INIT_ONPATH_DPRF_total_count,             0
MEM_REQ_INIT_ONPATH_DPRF_total_pct,        0.000

MEM_REQ_INIT_ONPATH_WB_count,          9122
MEM_REQ_INIT_ONPATH_WB_pct,       21.059
MEM_REQ_INIT_ONPATH_WB_total_count,         17461
MEM_REQ_INIT_ONPATH_WB_total_pct,       20.366

MEM_REQ_INIT_ONPATH_WB_NODIRTY_count,             5
MEM_REQ_INIT_ONPATH_WB_NODIRTY_pct,        0.012
MEM_REQ_INIT_ONPATH_WB_NODIRTY_total_count,             7
MEM_REQ_INIT_ONPATH_WB_NODIRTY_total_pct,        0.008
MEM_REQ_INIT_ONPATH_WB_NODIRTY_sum_count,         43317
MEM_REQ_INIT_ONPATH_WB_NODIRTY_sum_pct,      100.000
MEM_REQ_INIT_ONPATH_WB_NODIRTY_sum_total_count,         85734
MEM_REQ_INIT_ONPATH_WB_NODIRTY_sum_total_pct,      100.000
MEM_REQ_INIT_ONPATH_WB_NODIRTY_mean,         1.92
MEM_REQ_INIT_ONPATH_WB_NODIRTY_stddev,         1.61
MEM_REQ_INIT_ONPATH_WB_NODIRTY_total_mean,         1.90
MEM_REQ_INIT_ONPATH_WB_NODIRTY_total_stddev,         1.59

MEM_REQ_MATCH_IFETCH_count,          9645
MEM_REQ_MATCH_IFETCH_pct,        7.026
MEM_REQ_MATCH_IFETCH_total_count,         20973
MEM_REQ_MATCH_IFETCH_total_pct,        7.370

MEM_REQ_MATCH_DFETCH_count,        103426
MEM_REQ_MATCH_DFETCH_pct,       75.341
MEM_REQ_MATCH_DFETCH_total_count,        214984
MEM_REQ_MATCH_DFETCH_total_pct,       75.543

MEM_REQ_MATCH_DSTORE_count,          7669
MEM_REQ_MATCH_DSTORE_pct,        5.586
MEM_REQ_MATCH_DSTORE_total_count,         16201
MEM_REQ_MATCH_DSTORE_total_pct,        5.693

MEM_REQ_MATCH_IPRF_count,             0
MEM_REQ_MATCH_IPRF_pct,        0.000
MEM_REQ_MATCH_IPRF_total_count,             0
MEM_REQ_MATCH_IPRF_total_pct,        0.000

MEM_REQ_MATCH_DPRF_count,             0
MEM_REQ_MATCH_DPRF_pct,        0.000
MEM_REQ_MATCH_DPRF_total_count,             0
MEM_REQ_MATCH_DPRF_total_pct,        0.000

MEM_REQ_MATCH_WB_count,         16388
MEM_REQ_MATCH_WB_pct,       11.938
MEM_REQ_MATCH_WB_total_count,         32134
MEM_REQ_MATCH_WB_total_pct,       11.291

MEM_REQ_MATCH_WB_NODIRTY_count,           150
MEM_REQ_MATCH_WB_NODIRTY_pct,        0.109
MEM_REQ_MATCH_WB_NODIRTY_total_count,           294
MEM_REQ_MATCH_WB_NODIRTY_total_pct,        0.103
MEM_REQ_MATCH_WB_NODIRTY_sum_count,        137278
MEM_REQ_MATCH_WB_NODIRTY_sum_pct,      100.000
MEM_REQ_MATCH_WB_NODIRTY_sum_total_count,        284586
MEM_REQ_MATCH_WB_NODIRTY_sum_total_pct,      100.000
MEM_REQ_MATCH_WB_NODIRTY_mean,         1.47
MEM_REQ_MATCH_WB_NODIRTY_stddev,         1.30
MEM_REQ_MATCH_WB_NODIRTY_total_mean,         1.44
MEM_REQ_MATCH_WB_NODIRTY_total_stddev,         1.27

MEM_REQ_COMPLETE_OFFPATH_IFETCH_count,           363
MEM_REQ_COMPLETE_OFFPATH_IFETCH_pct,        4.837
MEM_REQ_COMPLETE_OFFPATH_IFETCH_total_count,           850
MEM_REQ_COMPLETE_OFFPATH_IFETCH_total_pct,        5.074

MEM_REQ_COMPLETE_OFFPATH_DFETCH_count,          1717
MEM_REQ_COMPLETE_OFFPATH_DFETCH_pct,       22.878
MEM_REQ_COMPLETE_OFFPATH_DFETCH_total_count,          3268
MEM_REQ_COMPLETE_OFFPATH_DFETCH_total_pct,       19.508

MEM_REQ_COMPLETE_OFFPATH_DSTORE_count,           174
MEM_REQ_COMPLETE_OFFPATH_DSTORE_pct,        2.318
MEM_REQ_COMPLETE_OFFPATH_DSTORE_total_count,           302
MEM_REQ_COMPLETE_OFFPATH_DSTORE_total_pct,        1.803

MEM_REQ_COMPLETE_OFFPATH_IPRF_count,             0
MEM_REQ_COMPLETE_OFFPATH_IPRF_pct,        0.000
MEM_REQ_COMPLETE_OFFPATH_IPRF_total_count,             0
MEM_REQ_COMPLETE_OFFPATH_IPRF_total_pct,        0.000

MEM_REQ_COMPLETE_OFFPATH_DPRF_count,             0
MEM_REQ_COMPLETE_OFFPATH_DPRF_pct,        0.000
MEM_REQ_COMPLETE_OFFPATH_DPRF_total_count,             0
MEM_REQ_COMPLETE_OFFPATH_DPRF_total_pct,        0.000

MEM_REQ_COMPLETE_OFFPATH_WB_count,          5002
MEM_REQ_COMPLETE_OFFPATH_WB_pct,       66.649
MEM_REQ_COMPLETE_OFFPATH_WB_total_count,         11935
MEM_REQ_COMPLETE_OFFPATH_WB_total_pct,       71.245

MEM_REQ_COMPLETE_OFFPATH_WB_NODIRTY_count,           249
MEM_REQ_COMPLETE_OFFPATH_WB_NODIRTY_pct,        3.318
MEM_REQ_COMPLETE_OFFPATH_WB_NODIRTY_total_count,           397
MEM_REQ_COMPLETE_OFFPATH_WB_NODIRTY_total_pct,        2.370
MEM_REQ_COMPLETE_OFFPATH_WB_NODIRTY_sum_count,          7505
MEM_REQ_COMPLETE_OFFPATH_WB_NODIRTY_sum_pct,      100.000
MEM_REQ_COMPLETE_OFFPATH_WB_NODIRTY_sum_total_count,         16752
MEM_REQ_COMPLETE_OFFPATH_WB_NODIRTY_sum_total_pct,      100.000
MEM_REQ_COMPLETE_OFFPATH_WB_NODIRTY_mean,         3.81
MEM_REQ_COMPLETE_OFFPATH_WB_NODIRTY_stddev,         1.86
MEM_REQ_COMPLETE_OFFPATH_WB_NODIRTY_total_mean,         3.94
MEM_REQ_COMPLETE_OFFPATH_WB_NODIRTY_total_stddev,         1.74

MEM_REQ_COMPLETE_ONPATH_IFETCH_count,          1574
MEM_REQ_COMPLETE_ONPATH_IFETCH_pct,        3.582
MEM_REQ_COMPLETE_ONPATH_IFETCH_total_count,          3161
MEM_REQ_COMPLETE_ONPATH_IFETCH_total_pct,        3.632

MEM_REQ_COMPLETE_ONPATH_DFETCH_count,         31302
MEM_REQ_COMPLETE_ONPATH_DFETCH_pct,       71.235
MEM_REQ_COMPLETE_ONPATH_DFETCH_total_count,         62148
MEM_REQ_COMPLETE_ONPATH_DFETCH_total_pct,       71.406

MEM_REQ_COMPLETE_ONPATH_DSTORE_count,          3394
MEM_REQ_COMPLETE_ONPATH_DSTORE_pct,        7.724
MEM_REQ_COMPLETE_ONPATH_DSTORE_total_count,          7172
MEM_REQ_COMPLETE_ONPATH_DSTORE_total_pct,        8.240

MEM_REQ_COMPLETE_ONPATH_IPRF_count,             0
MEM_REQ_COMPLETE_ONPATH_IPRF_pct,        0.000
MEM_REQ_COMPLETE_ONPATH_IPRF_total_count,             0
MEM_REQ_COMPLETE_ONPATH_IPRF_total_pct,        0.000

MEM_REQ_COMPLETE_ONPATH_DPRF_count,             0
MEM_REQ_COMPLETE_ONPATH_DPRF_pct,        0.000
MEM_REQ_COMPLETE_ONPATH_DPRF_total_count,             0
MEM_REQ_COMPLETE_ONPATH_DPRF_total_pct,        0.000

MEM_REQ_COMPLETE_ONPATH_WB_count,          7667
MEM_REQ_COMPLETE_ONPATH_WB_pct,       17.448
MEM_REQ_COMPLETE_ONPATH_WB_total_count,         14547
MEM_REQ_COMPLETE_ONPATH_WB_total_pct,       16.714

MEM_REQ_COMPLETE_ONPATH_WB_NODIRTY_count,             5
MEM_REQ_COMPLETE_ONPATH_WB_NODIRTY_pct,        0.011
MEM_REQ_COMPLETE_ONPATH_WB_NODIRTY_total_count,             7
MEM_REQ_COMPLETE_ONPATH_WB_NODIRTY_total_pct,        0.008
MEM_REQ_COMPLETE_ONPATH_WB_NODIRTY_sum_count,         43942
MEM_REQ_COMPLETE_ONPATH_WB_NODIRTY_sum_pct,      100.000
MEM_REQ_COMPLETE_ONPATH_WB_NODIRTY_sum_total_count,         87035
MEM_REQ_COMPLETE_ONPATH_WB_NODIRTY_sum_total_pct,      100.000
MEM_REQ_COMPLETE_ONPATH_WB_NODIRTY_mean,         1.74
MEM_REQ_COMPLETE_ONPATH_WB_NODIRTY_stddev,         1.50
MEM_REQ_COMPLETE_ONPATH_WB_NODIRTY_total_mean,         1.72
MEM_REQ_COMPLETE_ONPATH_WB_NODIRTY_total_stddev,         1.48

MEM_REQ_COMPLETE_MEM_IFETCH_count,         31308
MEM_REQ_COMPLETE_MEM_IFETCH_pct,       70.003
MEM_REQ_COMPLETE_MEM_IFETCH_total_count,         63942
MEM_REQ_COMPLETE_MEM_IFETCH_total_pct,       67.063

MEM_REQ_COMPLETE_MEM_DFETCH_count,         12437
MEM_REQ_COMPLETE_MEM_DFETCH_pct,       27.808
MEM_REQ_COMPLETE_MEM_DFETCH_total_count,         27190
MEM_REQ_COMPLETE_MEM_DFETCH_total_pct,       28.517

MEM_REQ_COMPLETE_MEM_DSTORE_count,           412
MEM_REQ_COMPLETE_MEM_DSTORE_pct,        0.921
MEM_REQ_COMPLETE_MEM_DSTORE_total_count,           969
MEM_REQ_COMPLETE_MEM_DSTORE_total_pct,        1.016

MEM_REQ_COMPLETE_MEM_IPRF_count,             0
MEM_REQ_COMPLETE_MEM_IPRF_pct,        0.000
MEM_REQ_COMPLETE_MEM_IPRF_total_count,             0
MEM_REQ_COMPLETE_MEM_IPRF_total_pct,        0.000

MEM_REQ_COMPLETE_MEM_DPRF_count,             0
MEM_REQ_COMPLETE_MEM_DPRF_pct,        0.000
MEM_REQ_COMPLETE_MEM_DPRF_total_count,             0
MEM_REQ_COMPLETE_MEM_DPRF_total_pct,        0.000

MEM_REQ_COMPLETE_MEM_WB_count,           555
MEM_REQ_COMPLETE_MEM_WB_pct,        1.241
MEM_REQ_COMPLETE_MEM_WB_total_count,          3231
MEM_REQ_COMPLETE_MEM_WB_total_pct,        3.389

MEM_REQ_COMPLETE_MEM_WB_NODIRTY_count,            12
MEM_REQ_COMPLETE_MEM_WB_NODIRTY_pct,        0.027
MEM_REQ_COMPLETE_MEM_WB_NODIRTY_total_count,            14
MEM_REQ_COMPLETE_MEM_WB_NODIRTY_total_pct,        0.015
MEM_REQ_COMPLETE_MEM_WB_NODIRTY_sum_count,         44724
MEM_REQ_COMPLETE_MEM_WB_NODIRTY_sum_pct,      100.000
MEM_REQ_COMPLETE_MEM_WB_NODIRTY_sum_total_count,         95346
MEM_REQ_COMPLETE_MEM_WB_NODIRTY_sum_total_pct,      100.000
MEM_REQ_COMPLETE_MEM_WB_NODIRTY_mean,         0.36
MEM_REQ_COMPLETE_MEM_WB_NODIRTY_stddev,         0.64
MEM_REQ_COMPLETE_MEM_WB_NODIRTY_total_mean,         0.48
MEM_REQ_COMPLETE_MEM_WB_NODIRTY_total_stddev,         0.89

MEM_REQ_COMPLETE_MEM_BW_PREFETCHABLE_count,          7894
MEM_REQ_COMPLETE_MEM_BW_PREFETCHABLE_total_count,         17971

MEM_REQ_COMPLETE_MEM_MATCHED_BW_PREF_count,             5
MEM_REQ_COMPLETE_MEM_MATCHED_BW_PREF_total_count,            24

MEM_REQ_COMPLETE_L1_IFETCH_count,             0
MEM_REQ_COMPLETE_L1_IFETCH_pct,         -nan
MEM_REQ_COMPLETE_L1_IFETCH_total_count,             0
MEM_REQ_COMPLETE_L1_IFETCH_total_pct,         -nan

MEM_REQ_COMPLETE_L1_DFETCH_count,             0
MEM_REQ_COMPLETE_L1_DFETCH_pct,         -nan
MEM_REQ_COMPLETE_L1_DFETCH_total_count,             0
MEM_REQ_COMPLETE_L1_DFETCH_total_pct,         -nan

MEM_REQ_COMPLETE_L1_DSTORE_count,             0
MEM_REQ_COMPLETE_L1_DSTORE_pct,         -nan
MEM_REQ_COMPLETE_L1_DSTORE_total_count,             0
MEM_REQ_COMPLETE_L1_DSTORE_total_pct,         -nan

MEM_REQ_COMPLETE_L1_IPRF_count,             0
MEM_REQ_COMPLETE_L1_IPRF_pct,         -nan
MEM_REQ_COMPLETE_L1_IPRF_total_count,             0
MEM_REQ_COMPLETE_L1_IPRF_total_pct,         -nan

MEM_REQ_COMPLETE_L1_DPRF_count,             0
MEM_REQ_COMPLETE_L1_DPRF_pct,         -nan
MEM_REQ_COMPLETE_L1_DPRF_total_count,             0
MEM_REQ_COMPLETE_L1_DPRF_total_pct,         -nan

MEM_REQ_COMPLETE_L1_WB_count,             0
MEM_REQ_COMPLETE_L1_WB_pct,         -nan
MEM_REQ_COMPLETE_L1_WB_total_count,             0
MEM_REQ_COMPLETE_L1_WB_total_pct,         -nan

MEM_REQ_COMPLETE_L1_WB_NODIRTY_count,             0
MEM_REQ_COMPLETE_L1_WB_NODIRTY_pct,         -nan
MEM_REQ_COMPLETE_L1_WB_NODIRTY_total_count,             0
MEM_REQ_COMPLETE_L1_WB_NODIRTY_total_pct,         -nan
MEM_REQ_COMPLETE_L1_WB_NODIRTY_sum_count,             0
MEM_REQ_COMPLETE_L1_WB_NODIRTY_sum_pct,         -nan
MEM_REQ_COMPLETE_L1_WB_NODIRTY_sum_total_count,             0
MEM_REQ_COMPLETE_L1_WB_NODIRTY_sum_total_pct,         -nan
MEM_REQ_COMPLETE_L1_WB_NODIRTY_mean,         -nan
MEM_REQ_COMPLETE_L1_WB_NODIRTY_stddev,         -nan
MEM_REQ_COMPLETE_L1_WB_NODIRTY_total_mean,         -nan
MEM_REQ_COMPLETE_L1_WB_NODIRTY_total_stddev,         -nan

MEM_REQ_COMPLETE_MLC_IFETCH_count,         11623
MEM_REQ_COMPLETE_MLC_IFETCH_pct,       24.358
MEM_REQ_COMPLETE_MLC_IFETCH_total_count,         21487
MEM_REQ_COMPLETE_MLC_IFETCH_total_pct,       23.912

MEM_REQ_COMPLETE_MLC_DFETCH_count,         20582
MEM_REQ_COMPLETE_MLC_DFETCH_pct,       43.133
MEM_REQ_COMPLETE_MLC_DFETCH_total_count,         38226
MEM_REQ_COMPLETE_MLC_DFETCH_total_pct,       42.540

MEM_REQ_COMPLETE_MLC_DSTORE_count,          3156
MEM_REQ_COMPLETE_MLC_DSTORE_pct,        6.614
MEM_REQ_COMPLETE_MLC_DSTORE_total_count,          6505
MEM_REQ_COMPLETE_MLC_DSTORE_total_pct,        7.239

MEM_REQ_COMPLETE_MLC_IPRF_count,             0
MEM_REQ_COMPLETE_MLC_IPRF_pct,        0.000
MEM_REQ_COMPLETE_MLC_IPRF_total_count,             0
MEM_REQ_COMPLETE_MLC_IPRF_total_pct,        0.000

MEM_REQ_COMPLETE_MLC_DPRF_count,             0
MEM_REQ_COMPLETE_MLC_DPRF_pct,        0.000
MEM_REQ_COMPLETE_MLC_DPRF_total_count,             0
MEM_REQ_COMPLETE_MLC_DPRF_total_pct,        0.000

MEM_REQ_COMPLETE_MLC_WB_count,         12114
MEM_REQ_COMPLETE_MLC_WB_pct,       25.387
MEM_REQ_COMPLETE_MLC_WB_total_count,         23251
MEM_REQ_COMPLETE_MLC_WB_total_pct,       25.875

MEM_REQ_COMPLETE_MLC_WB_NODIRTY_count,           242
MEM_REQ_COMPLETE_MLC_WB_NODIRTY_pct,        0.507
MEM_REQ_COMPLETE_MLC_WB_NODIRTY_total_count,           390
MEM_REQ_COMPLETE_MLC_WB_NODIRTY_total_pct,        0.434
MEM_REQ_COMPLETE_MLC_WB_NODIRTY_sum_count,         47717
MEM_REQ_COMPLETE_MLC_WB_NODIRTY_sum_pct,      100.000
MEM_REQ_COMPLETE_MLC_WB_NODIRTY_sum_total_count,         89859
MEM_REQ_COMPLETE_MLC_WB_NODIRTY_sum_total_pct,      100.000
MEM_REQ_COMPLETE_MLC_WB_NODIRTY_mean,         1.86
MEM_REQ_COMPLETE_MLC_WB_NODIRTY_stddev,         1.71
MEM_REQ_COMPLETE_MLC_WB_NODIRTY_total_mean,         1.89
MEM_REQ_COMPLETE_MLC_WB_NODIRTY_total_stddev,         1.71

CORE_MLP_CLUSTERS_count,         15443
CORE_MLP_CLUSTERS_total_count,         32391

CORE_MLP_count,       1355459
CORE_MLP_total_count,       4176327

CORE_MLP_IFETCH_count,             0
CORE_MLP_IFETCH_total_count,             0

CORE_MLP_DFETCH_count,             0
CORE_MLP_DFETCH_total_count,             0

CORE_MLP_DSTORE_count,             0
CORE_MLP_DSTORE_total_count,             0

CORE_MLP_IPRF_count,             0
CORE_MLP_IPRF_total_count,             0

CORE_MLP_DPRF_count,             0
CORE_MLP_DPRF_total_count,             0

CORE_MLP_WB_count,             0
CORE_MLP_WB_total_count,             0

CORE_MLP_WB_NODIRTY_count,             0
CORE_MLP_WB_NODIRTY_total_count,             0

CORE_MLP_0_count,       4579090
CORE_MLP_0_pct,       86.603
CORE_MLP_0_total_count,       8843050
CORE_MLP_0_total_pct,       84.378

CORE_MLP_1_count,        417798
CORE_MLP_1_pct,        7.902
CORE_MLP_1_total_count,        911569
CORE_MLP_1_total_pct,        8.698

CORE_MLP_2_count,        158679
CORE_MLP_2_pct,        3.001
CORE_MLP_2_total_count,        367967
CORE_MLP_2_total_pct,        3.511

CORE_MLP_3_count,         58762
CORE_MLP_3_pct,        1.111
CORE_MLP_3_total_count,        141039
CORE_MLP_3_total_pct,        1.346

CORE_MLP_4_count,         28121
CORE_MLP_4_pct,        0.532
CORE_MLP_4_total_count,         67424
CORE_MLP_4_total_pct,        0.643

CORE_MLP_5_count,         16799
CORE_MLP_5_pct,        0.318
CORE_MLP_5_total_count,         36752
CORE_MLP_5_total_pct,        0.351

CORE_MLP_6_count,          9302
CORE_MLP_6_pct,        0.176
CORE_MLP_6_total_count,         29972
CORE_MLP_6_total_pct,        0.286

CORE_MLP_7_count,          8142
CORE_MLP_7_pct,        0.154
CORE_MLP_7_total_count,         17591
CORE_MLP_7_total_pct,        0.168

CORE_MLP_8_count,          2442
CORE_MLP_8_pct,        0.046
CORE_MLP_8_total_count,          8382
CORE_MLP_8_total_pct,        0.080

CORE_MLP_9_count,          1924
CORE_MLP_9_pct,        0.036
CORE_MLP_9_total_count,          6382
CORE_MLP_9_total_pct,        0.061

CORE_MLP_10_count,          1666
CORE_MLP_10_pct,        0.032
CORE_MLP_10_total_count,          4563
CORE_MLP_10_total_pct,        0.044

CORE_MLP_11_count,           651
CORE_MLP_11_pct,        0.012
CORE_MLP_11_total_count,          3290
CORE_MLP_11_total_pct,        0.031

CORE_MLP_12_count,          1375
CORE_MLP_12_pct,        0.026
CORE_MLP_12_total_count,          2913
CORE_MLP_12_total_pct,        0.028

CORE_MLP_13_count,           285
CORE_MLP_13_pct,        0.005
CORE_MLP_13_total_count,          1620
CORE_MLP_13_total_pct,        0.015

CORE_MLP_14_count,           120
CORE_MLP_14_pct,        0.002
CORE_MLP_14_total_count,          1398
CORE_MLP_14_total_pct,        0.013

CORE_MLP_15_count,           269
CORE_MLP_15_pct,        0.005
CORE_MLP_15_total_count,          1415
CORE_MLP_15_total_pct,        0.014

CORE_MLP_16_count,            97
CORE_MLP_16_pct,        0.002
CORE_MLP_16_total_count,          1463
CORE_MLP_16_total_pct,        0.014

CORE_MLP_17_count,           350
CORE_MLP_17_pct,        0.007
CORE_MLP_17_total_count,          1840
CORE_MLP_17_total_pct,        0.018

CORE_MLP_18_count,           122
CORE_MLP_18_pct,        0.002
CORE_MLP_18_total_count,          1166
CORE_MLP_18_total_pct,        0.011

CORE_MLP_19_count,           112
CORE_MLP_19_pct,        0.002
CORE_MLP_19_total_count,          1129
CORE_MLP_19_total_pct,        0.011

CORE_MLP_20_count,           104
CORE_MLP_20_pct,        0.002
CORE_MLP_20_total_count,          1125
CORE_MLP_20_total_pct,        0.011

CORE_MLP_21_count,            70
CORE_MLP_21_pct,        0.001
CORE_MLP_21_total_count,          1143
CORE_MLP_21_total_pct,        0.011

CORE_MLP_22_count,            73
CORE_MLP_22_pct,        0.001
CORE_MLP_22_total_count,          1115
CORE_MLP_22_total_pct,        0.011

CORE_MLP_23_count,            85
CORE_MLP_23_pct,        0.002
CORE_MLP_23_total_count,          1282
CORE_MLP_23_total_pct,        0.012

CORE_MLP_24_count,            88
CORE_MLP_24_pct,        0.002
CORE_MLP_24_total_count,          1268
CORE_MLP_24_total_pct,        0.012

CORE_MLP_25_count,           122
CORE_MLP_25_pct,        0.002
CORE_MLP_25_total_count,          1316
CORE_MLP_25_total_pct,        0.013

CORE_MLP_26_count,            65
CORE_MLP_26_pct,        0.001
CORE_MLP_26_total_count,          1137
CORE_MLP_26_total_pct,        0.011

CORE_MLP_27_count,            66
CORE_MLP_27_pct,        0.001
CORE_MLP_27_total_count,          1119
CORE_MLP_27_total_pct,        0.011

CORE_MLP_28_count,            66
CORE_MLP_28_pct,        0.001
CORE_MLP_28_total_count,          1182
CORE_MLP_28_total_pct,        0.011

CORE_MLP_29_count,           110
CORE_MLP_29_pct,        0.002
CORE_MLP_29_total_count,          1627
CORE_MLP_29_total_pct,        0.016

CORE_MLP_30_count,           217
CORE_MLP_30_pct,        0.004
CORE_MLP_30_total_count,          2598
CORE_MLP_30_total_pct,        0.025

CORE_MLP_31_count,            76
CORE_MLP_31_pct,        0.001
CORE_MLP_31_total_count,          1924
CORE_MLP_31_total_pct,        0.018

CORE_MLP_32_count,           203
CORE_MLP_32_pct,        0.004
CORE_MLP_32_total_count,         12573
CORE_MLP_32_total_pct,        0.120
CORE_MLP_32_sum_count,       5287451
CORE_MLP_32_sum_pct,      100.000
CORE_MLP_32_sum_total_count,      10480334
CORE_MLP_32_sum_total_pct,      100.000
CORE_MLP_32_mean,         0.26
CORE_MLP_32_stddev,         0.94
CORE_MLP_32_total_mean,         0.39
CORE_MLP_32_total_stddev,         1.81

MEM_QUEUE_OCC_0_count,             0
MEM_QUEUE_OCC_0_pct,         -nan
MEM_QUEUE_OCC_0_total_count,             0
MEM_QUEUE_OCC_0_total_pct,         -nan

MEM_QUEUE_OCC_4_count,             0
MEM_QUEUE_OCC_4_pct,         -nan
MEM_QUEUE_OCC_4_total_count,             0
MEM_QUEUE_OCC_4_total_pct,         -nan

MEM_QUEUE_OCC_8_count,             0
MEM_QUEUE_OCC_8_pct,         -nan
MEM_QUEUE_OCC_8_total_count,             0
MEM_QUEUE_OCC_8_total_pct,         -nan

MEM_QUEUE_OCC_12_count,             0
MEM_QUEUE_OCC_12_pct,         -nan
MEM_QUEUE_OCC_12_total_count,             0
MEM_QUEUE_OCC_12_total_pct,         -nan

MEM_QUEUE_OCC_16_count,             0
MEM_QUEUE_OCC_16_pct,         -nan
MEM_QUEUE_OCC_16_total_count,             0
MEM_QUEUE_OCC_16_total_pct,         -nan

MEM_QUEUE_OCC_20_count,             0
MEM_QUEUE_OCC_20_pct,         -nan
MEM_QUEUE_OCC_20_total_count,             0
MEM_QUEUE_OCC_20_total_pct,         -nan

MEM_QUEUE_OCC_24_count,             0
MEM_QUEUE_OCC_24_pct,         -nan
MEM_QUEUE_OCC_24_total_count,             0
MEM_QUEUE_OCC_24_total_pct,         -nan

MEM_QUEUE_OCC_28_count,             0
MEM_QUEUE_OCC_28_pct,         -nan
MEM_QUEUE_OCC_28_total_count,             0
MEM_QUEUE_OCC_28_total_pct,         -nan

MEM_QUEUE_OCC_32_count,             0
MEM_QUEUE_OCC_32_pct,         -nan
MEM_QUEUE_OCC_32_total_count,             0
MEM_QUEUE_OCC_32_total_pct,         -nan

MEM_QUEUE_OCC_36_count,             0
MEM_QUEUE_OCC_36_pct,         -nan
MEM_QUEUE_OCC_36_total_count,             0
MEM_QUEUE_OCC_36_total_pct,         -nan

MEM_QUEUE_OCC_40_count,             0
MEM_QUEUE_OCC_40_pct,         -nan
MEM_QUEUE_OCC_40_total_count,             0
MEM_QUEUE_OCC_40_total_pct,         -nan

MEM_QUEUE_OCC_44_count,             0
MEM_QUEUE_OCC_44_pct,         -nan
MEM_QUEUE_OCC_44_total_count,             0
MEM_QUEUE_OCC_44_total_pct,         -nan

MEM_QUEUE_OCC_48_count,             0
MEM_QUEUE_OCC_48_pct,         -nan
MEM_QUEUE_OCC_48_total_count,             0
MEM_QUEUE_OCC_48_total_pct,         -nan

MEM_QUEUE_OCC_52_count,             0
MEM_QUEUE_OCC_52_pct,         -nan
MEM_QUEUE_OCC_52_total_count,             0
MEM_QUEUE_OCC_52_total_pct,         -nan

MEM_QUEUE_OCC_56_count,             0
MEM_QUEUE_OCC_56_pct,         -nan
MEM_QUEUE_OCC_56_total_count,             0
MEM_QUEUE_OCC_56_total_pct,         -nan

MEM_QUEUE_OCC_60_count,             0
MEM_QUEUE_OCC_60_pct,         -nan
MEM_QUEUE_OCC_60_total_count,             0
MEM_QUEUE_OCC_60_total_pct,         -nan

MEM_QUEUE_OCC_64_count,             0
MEM_QUEUE_OCC_64_pct,         -nan
MEM_QUEUE_OCC_64_total_count,             0
MEM_QUEUE_OCC_64_total_pct,         -nan

MEM_QUEUE_OCC_68_count,             0
MEM_QUEUE_OCC_68_pct,         -nan
MEM_QUEUE_OCC_68_total_count,             0
MEM_QUEUE_OCC_68_total_pct,         -nan

MEM_QUEUE_OCC_72_count,             0
MEM_QUEUE_OCC_72_pct,         -nan
MEM_QUEUE_OCC_72_total_count,             0
MEM_QUEUE_OCC_72_total_pct,         -nan

MEM_QUEUE_OCC_76_count,             0
MEM_QUEUE_OCC_76_pct,         -nan
MEM_QUEUE_OCC_76_total_count,             0
MEM_QUEUE_OCC_76_total_pct,         -nan

MEM_QUEUE_OCC_80_count,             0
MEM_QUEUE_OCC_80_pct,         -nan
MEM_QUEUE_OCC_80_total_count,             0
MEM_QUEUE_OCC_80_total_pct,         -nan

MEM_QUEUE_OCC_84_count,             0
MEM_QUEUE_OCC_84_pct,         -nan
MEM_QUEUE_OCC_84_total_count,             0
MEM_QUEUE_OCC_84_total_pct,         -nan

MEM_QUEUE_OCC_88_count,             0
MEM_QUEUE_OCC_88_pct,         -nan
MEM_QUEUE_OCC_88_total_count,             0
MEM_QUEUE_OCC_88_total_pct,         -nan

MEM_QUEUE_OCC_92_count,             0
MEM_QUEUE_OCC_92_pct,         -nan
MEM_QUEUE_OCC_92_total_count,             0
MEM_QUEUE_OCC_92_total_pct,         -nan

MEM_QUEUE_OCC_96_count,             0
MEM_QUEUE_OCC_96_pct,         -nan
MEM_QUEUE_OCC_96_total_count,             0
MEM_QUEUE_OCC_96_total_pct,         -nan

MEM_QUEUE_OCC_100_count,             0
MEM_QUEUE_OCC_100_pct,         -nan
MEM_QUEUE_OCC_100_total_count,             0
MEM_QUEUE_OCC_100_total_pct,         -nan

MEM_QUEUE_OCC_104_count,             0
MEM_QUEUE_OCC_104_pct,         -nan
MEM_QUEUE_OCC_104_total_count,             0
MEM_QUEUE_OCC_104_total_pct,         -nan

MEM_QUEUE_OCC_108_count,             0
MEM_QUEUE_OCC_108_pct,         -nan
MEM_QUEUE_OCC_108_total_count,             0
MEM_QUEUE_OCC_108_total_pct,         -nan

MEM_QUEUE_OCC_112_count,             0
MEM_QUEUE_OCC_112_pct,         -nan
MEM_QUEUE_OCC_112_total_count,             0
MEM_QUEUE_OCC_112_total_pct,         -nan

MEM_QUEUE_OCC_116_count,             0
MEM_QUEUE_OCC_116_pct,         -nan
MEM_QUEUE_OCC_116_total_count,             0
MEM_QUEUE_OCC_116_total_pct,         -nan

MEM_QUEUE_OCC_120_count,             0
MEM_QUEUE_OCC_120_pct,         -nan
MEM_QUEUE_OCC_120_total_count,             0
MEM_QUEUE_OCC_120_total_pct,         -nan

MEM_QUEUE_OCC_124_count,             0
MEM_QUEUE_OCC_124_pct,         -nan
MEM_QUEUE_OCC_124_total_count,             0
MEM_QUEUE_OCC_124_total_pct,         -nan

MEM_QUEUE_OCC_128_count,             0
MEM_QUEUE_OCC_128_pct,         -nan
MEM_QUEUE_OCC_128_total_count,             0
MEM_QUEUE_OCC_128_total_pct,         -nan
MEM_QUEUE_OCC_128_sum_count,             0
MEM_QUEUE_OCC_128_sum_pct,         -nan
MEM_QUEUE_OCC_128_sum_total_count,             0
MEM_QUEUE_OCC_128_sum_total_pct,         -nan
MEM_QUEUE_OCC_128_mean,         -nan
MEM_QUEUE_OCC_128_stddev,         -nan
MEM_QUEUE_OCC_128_total_mean,         -nan
MEM_QUEUE_OCC_128_total_stddev,         -nan

OPEN_PAGE_HIT_count,             0
OPEN_PAGE_HIT_pct,         -nan
OPEN_PAGE_HIT_total_count,             0
OPEN_PAGE_HIT_total_pct,         -nan

CLOSED_PAGE_MISS_count,             0
CLOSED_PAGE_MISS_pct,         -nan
CLOSED_PAGE_MISS_total_count,             0
CLOSED_PAGE_MISS_total_pct,         -nan

WRONG_PAGE_MISS_count,             0
WRONG_PAGE_MISS_pct,         -nan
WRONG_PAGE_MISS_total_count,             0
WRONG_PAGE_MISS_total_pct,         -nan
WRONG_PAGE_MISS_sum_count,             0
WRONG_PAGE_MISS_sum_pct,         -nan
WRONG_PAGE_MISS_sum_total_count,             0
WRONG_PAGE_MISS_sum_total_pct,         -nan
WRONG_PAGE_MISS_mean,         -nan
WRONG_PAGE_MISS_stddev,         -nan
WRONG_PAGE_MISS_total_mean,         -nan
WRONG_PAGE_MISS_total_stddev,         -nan

L0_LD_BANK_BLOCK_count,             0
L0_LD_BANK_BLOCK_pct,         -nan
L0_LD_BANK_BLOCK_total_count,             0
L0_LD_BANK_BLOCK_total_pct,         -nan

L0_LD_BANK_AVAIL_count,             0
L0_LD_BANK_AVAIL_pct,         -nan
L0_LD_BANK_AVAIL_total_count,             0
L0_LD_BANK_AVAIL_total_pct,         -nan
L0_LD_BANK_AVAIL_sum_count,             0
L0_LD_BANK_AVAIL_sum_pct,         -nan
L0_LD_BANK_AVAIL_sum_total_count,             0
L0_LD_BANK_AVAIL_sum_total_pct,         -nan
L0_LD_BANK_AVAIL_mean,         -nan
L0_LD_BANK_AVAIL_stddev,         -nan
L0_LD_BANK_AVAIL_total_mean,         -nan
L0_LD_BANK_AVAIL_total_stddev,         -nan

L0_ST_BANK_BLOCK_count,             0
L0_ST_BANK_BLOCK_pct,         -nan
L0_ST_BANK_BLOCK_total_count,             0
L0_ST_BANK_BLOCK_total_pct,         -nan

L0_ST_BANK_AVAIL_count,             0
L0_ST_BANK_AVAIL_pct,         -nan
L0_ST_BANK_AVAIL_total_count,             0
L0_ST_BANK_AVAIL_total_pct,         -nan
L0_ST_BANK_AVAIL_sum_count,             0
L0_ST_BANK_AVAIL_sum_pct,         -nan
L0_ST_BANK_AVAIL_sum_total_count,             0
L0_ST_BANK_AVAIL_sum_total_pct,         -nan
L0_ST_BANK_AVAIL_mean,         -nan
L0_ST_BANK_AVAIL_stddev,         -nan
L0_ST_BANK_AVAIL_total_mean,         -nan
L0_ST_BANK_AVAIL_total_stddev,         -nan

L0_LD_CACHE_BLOCK_count,             0
L0_LD_CACHE_BLOCK_pct,         -nan
L0_LD_CACHE_BLOCK_total_count,             0
L0_LD_CACHE_BLOCK_total_pct,         -nan

L0_LD_CACHE_AVAIL_count,             0
L0_LD_CACHE_AVAIL_pct,         -nan
L0_LD_CACHE_AVAIL_total_count,             0
L0_LD_CACHE_AVAIL_total_pct,         -nan
L0_LD_CACHE_AVAIL_sum_count,             0
L0_LD_CACHE_AVAIL_sum_pct,         -nan
L0_LD_CACHE_AVAIL_sum_total_count,             0
L0_LD_CACHE_AVAIL_sum_total_pct,         -nan
L0_LD_CACHE_AVAIL_mean,         -nan
L0_LD_CACHE_AVAIL_stddev,         -nan
L0_LD_CACHE_AVAIL_total_mean,         -nan
L0_LD_CACHE_AVAIL_total_stddev,         -nan

MLC_LD_BANK_BLOCK_count,           111
MLC_LD_BANK_BLOCK_pct,        0.216
MLC_LD_BANK_BLOCK_total_count,           211
MLC_LD_BANK_BLOCK_total_pct,        0.203

MLC_LD_BANK_AVAIL_count,         51373
MLC_LD_BANK_AVAIL_pct,       99.784
MLC_LD_BANK_AVAIL_total_count,        103598
MLC_LD_BANK_AVAIL_total_pct,       99.797
MLC_LD_BANK_AVAIL_sum_count,         51484
MLC_LD_BANK_AVAIL_sum_pct,      100.000
MLC_LD_BANK_AVAIL_sum_total_count,        103809
MLC_LD_BANK_AVAIL_sum_total_pct,      100.000
MLC_LD_BANK_AVAIL_mean,         1.00
MLC_LD_BANK_AVAIL_stddev,         1.00
MLC_LD_BANK_AVAIL_total_mean,         1.00
MLC_LD_BANK_AVAIL_total_stddev,         1.00

MLC_ST_BANK_BLOCK_count,             0
MLC_ST_BANK_BLOCK_pct,        0.000
MLC_ST_BANK_BLOCK_total_count,             0
MLC_ST_BANK_BLOCK_total_pct,        0.000

MLC_ST_BANK_AVAIL_count,         15443
MLC_ST_BANK_AVAIL_pct,      100.000
MLC_ST_BANK_AVAIL_total_count,         32391
MLC_ST_BANK_AVAIL_total_pct,      100.000
MLC_ST_BANK_AVAIL_sum_count,         15443
MLC_ST_BANK_AVAIL_sum_pct,      100.000
MLC_ST_BANK_AVAIL_sum_total_count,         32391
MLC_ST_BANK_AVAIL_sum_total_pct,      100.000
MLC_ST_BANK_AVAIL_mean,         1.00
MLC_ST_BANK_AVAIL_stddev,         1.00
MLC_ST_BANK_AVAIL_total_mean,         1.00
MLC_ST_BANK_AVAIL_total_stddev,         1.00

MLC_LD_CACHE_BLOCK_count,             0
MLC_LD_CACHE_BLOCK_pct,         -nan
MLC_LD_CACHE_BLOCK_total_count,             0
MLC_LD_CACHE_BLOCK_total_pct,         -nan

MLC_LD_CACHE_AVAIL_count,             0
MLC_LD_CACHE_AVAIL_pct,         -nan
MLC_LD_CACHE_AVAIL_total_count,             0
MLC_LD_CACHE_AVAIL_total_pct,         -nan
MLC_LD_CACHE_AVAIL_sum_count,             0
MLC_LD_CACHE_AVAIL_sum_pct,         -nan
MLC_LD_CACHE_AVAIL_sum_total_count,             0
MLC_LD_CACHE_AVAIL_sum_total_pct,         -nan
MLC_LD_CACHE_AVAIL_mean,         -nan
MLC_LD_CACHE_AVAIL_stddev,         -nan
MLC_LD_CACHE_AVAIL_total_mean,         -nan
MLC_LD_CACHE_AVAIL_total_stddev,         -nan

MLC_ST_CACHE_BLOCK_count,             0
MLC_ST_CACHE_BLOCK_pct,         -nan
MLC_ST_CACHE_BLOCK_total_count,             0
MLC_ST_CACHE_BLOCK_total_pct,         -nan

MLC_ST_CACHE_AVAIL_count,             0
MLC_ST_CACHE_AVAIL_pct,         -nan
MLC_ST_CACHE_AVAIL_total_count,             0
MLC_ST_CACHE_AVAIL_total_pct,         -nan
MLC_ST_CACHE_AVAIL_sum_count,             0
MLC_ST_CACHE_AVAIL_sum_pct,         -nan
MLC_ST_CACHE_AVAIL_sum_total_count,             0
MLC_ST_CACHE_AVAIL_sum_total_pct,         -nan
MLC_ST_CACHE_AVAIL_mean,         -nan
MLC_ST_CACHE_AVAIL_stddev,         -nan
MLC_ST_CACHE_AVAIL_total_mean,         -nan
MLC_ST_CACHE_AVAIL_total_stddev,         -nan

L1_LD_BANK_BLOCK_count,          5104
L1_LD_BANK_BLOCK_pct,       18.904
L1_LD_BANK_BLOCK_total_count,         11766
L1_LD_BANK_BLOCK_total_pct,       19.018

L1_LD_BANK_AVAIL_count,         21895
L1_LD_BANK_AVAIL_pct,       81.096
L1_LD_BANK_AVAIL_total_count,         50102
L1_LD_BANK_AVAIL_total_pct,       80.982
L1_LD_BANK_AVAIL_sum_count,         26999
L1_LD_BANK_AVAIL_sum_pct,      100.000
L1_LD_BANK_AVAIL_sum_total_count,         61868
L1_LD_BANK_AVAIL_sum_total_pct,      100.000
L1_LD_BANK_AVAIL_mean,         0.81
L1_LD_BANK_AVAIL_stddev,         0.75
L1_LD_BANK_AVAIL_total_mean,         0.81
L1_LD_BANK_AVAIL_total_stddev,         0.75

L1_ST_BANK_BLOCK_count,             7
L1_ST_BANK_BLOCK_pct,        0.095
L1_ST_BANK_BLOCK_total_count,            14
L1_ST_BANK_BLOCK_total_pct,        0.109

L1_ST_BANK_AVAIL_count,          7386
L1_ST_BANK_AVAIL_pct,       99.905
L1_ST_BANK_AVAIL_total_count,         12853
L1_ST_BANK_AVAIL_total_pct,       99.891
L1_ST_BANK_AVAIL_sum_count,          7393
L1_ST_BANK_AVAIL_sum_pct,      100.000
L1_ST_BANK_AVAIL_sum_total_count,         12867
L1_ST_BANK_AVAIL_sum_total_pct,      100.000
L1_ST_BANK_AVAIL_mean,         1.00
L1_ST_BANK_AVAIL_stddev,         1.00
L1_ST_BANK_AVAIL_total_mean,         1.00
L1_ST_BANK_AVAIL_total_stddev,         1.00

L1_LD_CACHE_BLOCK_count,             0
L1_LD_CACHE_BLOCK_pct,         -nan
L1_LD_CACHE_BLOCK_total_count,             0
L1_LD_CACHE_BLOCK_total_pct,         -nan

L1_LD_CACHE_AVAIL_count,             0
L1_LD_CACHE_AVAIL_pct,         -nan
L1_LD_CACHE_AVAIL_total_count,             0
L1_LD_CACHE_AVAIL_total_pct,         -nan
L1_LD_CACHE_AVAIL_sum_count,             0
L1_LD_CACHE_AVAIL_sum_pct,         -nan
L1_LD_CACHE_AVAIL_sum_total_count,             0
L1_LD_CACHE_AVAIL_sum_total_pct,         -nan
L1_LD_CACHE_AVAIL_mean,         -nan
L1_LD_CACHE_AVAIL_stddev,         -nan
L1_LD_CACHE_AVAIL_total_mean,         -nan
L1_LD_CACHE_AVAIL_total_stddev,         -nan

L1_ST_CACHE_BLOCK_count,             0
L1_ST_CACHE_BLOCK_pct,         -nan
L1_ST_CACHE_BLOCK_total_count,             0
L1_ST_CACHE_BLOCK_total_pct,         -nan

L1_ST_CACHE_AVAIL_count,             0
L1_ST_CACHE_AVAIL_pct,         -nan
L1_ST_CACHE_AVAIL_total_count,             0
L1_ST_CACHE_AVAIL_total_pct,         -nan
L1_ST_CACHE_AVAIL_sum_count,             0
L1_ST_CACHE_AVAIL_sum_pct,         -nan
L1_ST_CACHE_AVAIL_sum_total_count,             0
L1_ST_CACHE_AVAIL_sum_total_pct,         -nan
L1_ST_CACHE_AVAIL_mean,         -nan
L1_ST_CACHE_AVAIL_stddev,         -nan
L1_ST_CACHE_AVAIL_total_mean,         -nan
L1_ST_CACHE_AVAIL_total_stddev,         -nan

MEM_LD_BANK_BLOCK_count,             0
MEM_LD_BANK_BLOCK_pct,         -nan
MEM_LD_BANK_BLOCK_total_count,             0
MEM_LD_BANK_BLOCK_total_pct,         -nan

MEM_LD_BANK_AVAIL_count,             0
MEM_LD_BANK_AVAIL_pct,         -nan
MEM_LD_BANK_AVAIL_total_count,             0
MEM_LD_BANK_AVAIL_total_pct,         -nan
MEM_LD_BANK_AVAIL_sum_count,             0
MEM_LD_BANK_AVAIL_sum_pct,         -nan
MEM_LD_BANK_AVAIL_sum_total_count,             0
MEM_LD_BANK_AVAIL_sum_total_pct,         -nan
MEM_LD_BANK_AVAIL_mean,         -nan
MEM_LD_BANK_AVAIL_stddev,         -nan
MEM_LD_BANK_AVAIL_total_mean,         -nan
MEM_LD_BANK_AVAIL_total_stddev,         -nan

MEM_ST_BANK_BLOCK_count,             0
MEM_ST_BANK_BLOCK_pct,         -nan
MEM_ST_BANK_BLOCK_total_count,             0
MEM_ST_BANK_BLOCK_total_pct,         -nan

MEM_ST_BANK_AVAIL_count,             0
MEM_ST_BANK_AVAIL_pct,         -nan
MEM_ST_BANK_AVAIL_total_count,             0
MEM_ST_BANK_AVAIL_total_pct,         -nan
MEM_ST_BANK_AVAIL_sum_count,             0
MEM_ST_BANK_AVAIL_sum_pct,         -nan
MEM_ST_BANK_AVAIL_sum_total_count,             0
MEM_ST_BANK_AVAIL_sum_total_pct,         -nan
MEM_ST_BANK_AVAIL_mean,         -nan
MEM_ST_BANK_AVAIL_stddev,         -nan
MEM_ST_BANK_AVAIL_total_mean,         -nan
MEM_ST_BANK_AVAIL_total_stddev,         -nan

MEM_PF_BANK_BLOCK_count,             0
MEM_PF_BANK_BLOCK_pct,         -nan
MEM_PF_BANK_BLOCK_total_count,             0
MEM_PF_BANK_BLOCK_total_pct,         -nan

MEM_PF_BANK_AVAIL_count,             0
MEM_PF_BANK_AVAIL_pct,         -nan
MEM_PF_BANK_AVAIL_total_count,             0
MEM_PF_BANK_AVAIL_total_pct,         -nan
MEM_PF_BANK_AVAIL_sum_count,             0
MEM_PF_BANK_AVAIL_sum_pct,         -nan
MEM_PF_BANK_AVAIL_sum_total_count,             0
MEM_PF_BANK_AVAIL_sum_total_pct,         -nan
MEM_PF_BANK_AVAIL_mean,         -nan
MEM_PF_BANK_AVAIL_stddev,         -nan
MEM_PF_BANK_AVAIL_total_mean,         -nan
MEM_PF_BANK_AVAIL_total_stddev,         -nan

L0_FILL_count,             0
L0_FILL_total_count,             0

L1_FILL_count,         12985
L1_FILL_pct,       99.908
L1_FILL_total_count,         32387
L1_FILL_total_pct,       99.963

L1_WB_FILL_count,            12
L1_WB_FILL_pct,        0.092
L1_WB_FILL_total_count,            12
L1_WB_FILL_total_pct,        0.037
L1_WB_FILL_sum_count,         12997
L1_WB_FILL_sum_pct,      100.000
L1_WB_FILL_sum_total_count,         32399
L1_WB_FILL_sum_total_pct,      100.000
L1_WB_FILL_mean,         0.00
L1_WB_FILL_stddev,         0.03
L1_WB_FILL_total_mean,         0.00
L1_WB_FILL_total_stddev,         0.02

L1_DEMAND_FILL_count,          7190
L1_DEMAND_FILL_pct,       55.372
L1_DEMAND_FILL_total_count,         19304
L1_DEMAND_FILL_total_pct,       59.604

L1_PREF_FILL_count,          5795
L1_PREF_FILL_pct,       44.628
L1_PREF_FILL_total_count,         13083
L1_PREF_FILL_total_pct,       40.396
L1_PREF_FILL_sum_count,         12985
L1_PREF_FILL_sum_pct,      100.000
L1_PREF_FILL_sum_total_count,         32387
L1_PREF_FILL_sum_total_pct,      100.000
L1_PREF_FILL_mean,         0.45
L1_PREF_FILL_stddev,         0.48
L1_PREF_FILL_total_mean,         0.40
L1_PREF_FILL_total_stddev,         0.46

MLC_FILL_count,         13644
MLC_FILL_pct,       99.533
MLC_FILL_total_count,         31991
MLC_FILL_total_pct,       99.704

MLC_WB_FILL_count,            64
MLC_WB_FILL_pct,        0.467
MLC_WB_FILL_total_count,            95
MLC_WB_FILL_total_pct,        0.296
MLC_WB_FILL_sum_count,         13708
MLC_WB_FILL_sum_pct,      100.000
MLC_WB_FILL_sum_total_count,         32086
MLC_WB_FILL_sum_total_pct,      100.000
MLC_WB_FILL_mean,         0.00
MLC_WB_FILL_stddev,         0.07
MLC_WB_FILL_total_mean,         0.00
MLC_WB_FILL_total_stddev,         0.05

MLC_DEMAND_FILL_count,         13570
MLC_DEMAND_FILL_pct,       99.458
MLC_DEMAND_FILL_total_count,         31803
MLC_DEMAND_FILL_total_pct,       99.412

MLC_PREF_FILL_count,            74
MLC_PREF_FILL_pct,        0.542
MLC_PREF_FILL_total_count,           188
MLC_PREF_FILL_total_pct,        0.588
MLC_PREF_FILL_sum_count,         13644
MLC_PREF_FILL_sum_pct,      100.000
MLC_PREF_FILL_sum_total_count,         31991
MLC_PREF_FILL_sum_total_pct,      100.000
MLC_PREF_FILL_mean,         0.01
MLC_PREF_FILL_stddev,         0.07
MLC_PREF_FILL_total_mean,         0.01
MLC_PREF_FILL_total_stddev,         0.08

NORESET_L1_FILL_count,         12997
NORESET_L1_FILL_total_count,         32399

NORESET_L1_FILL_NONPREF_count,          7040
NORESET_L1_FILL_NONPREF_total_count,         16671

NORESET_L1_FILL_PREF_count,          5957
NORESET_L1_FILL_PREF_total_count,         15728

NORESET_L1_EVICT_count,          2590
NORESET_L1_EVICT_total_count,          2609

NORESET_L1_EVICT_NONPREF_count,          1933
NORESET_L1_EVICT_NONPREF_total_count,          1949

NORESET_L1_EVICT_PREF_USED_count,           461
NORESET_L1_EVICT_PREF_USED_total_count,           463

NORESET_L1_EVICT_PREF_UNUSED_count,           196
NORESET_L1_EVICT_PREF_UNUSED_total_count,           197

NORESET_L1_PREF_USED_count,          4769
NORESET_L1_PREF_USED_total_count,         10344

ORACLE_OFFPATH_DC_FILL_count,             0
ORACLE_OFFPATH_DC_FILL_total_count,             0

ORACLE_OFFPATH_IC_FILL_count,             0
ORACLE_OFFPATH_IC_FILL_total_count,             0

ORACLE_OFFPATH_L1_FILL_count,             0
ORACLE_OFFPATH_L1_FILL_total_count,             0

UPDATE_EVENT_QUEUE_PROCESS_count,             0
UPDATE_EVENT_QUEUE_PROCESS_total_count,             0

INSERT_EVENT_QUEUE_PROCESS_count,             0
INSERT_EVENT_QUEUE_PROCESS_total_count,             0

ICFILL_AFTER_REDIRECT_count,             0
ICFILL_AFTER_REDIRECT_total_count,             0

EVENT_QUEUE_MATCH_ADD_REQ_count,             0
EVENT_QUEUE_MATCH_ADD_REQ_total_count,             0

DC_PREF_CACHE_INSERT_REQ_count,             0
DC_PREF_CACHE_INSERT_REQ_total_count,             0

DC_PREF_REQ_DCACHE_HIT_count,             0
DC_PREF_REQ_DCACHE_HIT_pct,         -nan
DC_PREF_REQ_DCACHE_HIT_total_count,             0
DC_PREF_REQ_DCACHE_HIT_total_pct,         -nan

DC_PREF_REQ_PREF_CACHE_HIT_count,             0
DC_PREF_REQ_PREF_CACHE_HIT_pct,         -nan
DC_PREF_REQ_PREF_CACHE_HIT_total_count,             0
DC_PREF_REQ_PREF_CACHE_HIT_total_pct,         -nan

DC_PREF_REQ_L1_MISS_count,             0
DC_PREF_REQ_L1_MISS_pct,         -nan
DC_PREF_REQ_L1_MISS_total_count,             0
DC_PREF_REQ_L1_MISS_total_pct,         -nan

DC_PREF_REQ_CORR_count,             0
DC_PREF_REQ_CORR_pct,         -nan
DC_PREF_REQ_CORR_total_count,             0
DC_PREF_REQ_CORR_total_pct,         -nan
DC_PREF_REQ_CORR_sum_count,             0
DC_PREF_REQ_CORR_sum_pct,         -nan
DC_PREF_REQ_CORR_sum_total_count,             0
DC_PREF_REQ_CORR_sum_total_pct,         -nan
DC_PREF_REQ_CORR_mean,         -nan
DC_PREF_REQ_CORR_stddev,         -nan
DC_PREF_REQ_CORR_total_mean,         -nan
DC_PREF_REQ_CORR_total_stddev,         -nan

DC_PREF_CACHE_INSERT_count,             0
DC_PREF_CACHE_INSERT_total_count,             0

DC_PREF_CACHE_HIT_PER_count,             0
DC_PREF_CACHE_HIT_PER_pct,        0.000
DC_PREF_CACHE_HIT_PER_total_count,             0
DC_PREF_CACHE_HIT_PER_total_pct,        0.000

DC_PREF_CACHE_HIT_PER_OFFPATH_count,             0
DC_PREF_CACHE_HIT_PER_OFFPATH_pct,        0.000
DC_PREF_CACHE_HIT_PER_OFFPATH_total_count,             0
DC_PREF_CACHE_HIT_PER_OFFPATH_total_pct,        0.000

DC_PREF_CACHE_HIT_count,             0
DC_PREF_CACHE_HIT_total_count,             0

DC_PREF_CACHE_HIT_OFFPATH_count,             0
DC_PREF_CACHE_HIT_OFFPATH_total_count,             0

DC_PREF_HIT_L1_MISS_count,             0
DC_PREF_HIT_L1_MISS_total_count,             0

IC_PREF_CACHE_HIT_PER_count,             0
IC_PREF_CACHE_HIT_PER_pct,        0.000
IC_PREF_CACHE_HIT_PER_total_count,             0
IC_PREF_CACHE_HIT_PER_total_pct,        0.000

IC_PREF_CACHE_HIT_PER_OFFPATH_count,             0
IC_PREF_CACHE_HIT_PER_OFFPATH_pct,        0.000
IC_PREF_CACHE_HIT_PER_OFFPATH_total_count,             0
IC_PREF_CACHE_HIT_PER_OFFPATH_total_pct,        0.000

IC_PREF_CACHE_HIT_count,             0
IC_PREF_CACHE_HIT_total_count,             0

IC_PREF_CACHE_HIT_OFFPATH_count,             0
IC_PREF_CACHE_HIT_OFFPATH_total_count,             0

L1_PREF_CACHE_HIT_PER_count,             0
L1_PREF_CACHE_HIT_PER_pct,        0.000
L1_PREF_CACHE_HIT_PER_total_count,             0
L1_PREF_CACHE_HIT_PER_total_pct,        0.000

L1_PREF_CACHE_HIT_PER_OFFPATH_count,             0
L1_PREF_CACHE_HIT_PER_OFFPATH_pct,        0.000
L1_PREF_CACHE_HIT_PER_OFFPATH_total_count,             0
L1_PREF_CACHE_HIT_PER_OFFPATH_total_pct,        0.000

L1_PREF_CACHE_HIT_count,             0
L1_PREF_CACHE_HIT_total_count,             0

L1_PREF_CACHE_HIT_OFFPATH_count,             0
L1_PREF_CACHE_HIT_OFFPATH_total_count,             0

DC_PREF_CACHE_FILL_count,             0
DC_PREF_CACHE_FILL_total_count,             0

DC_PREF_MOVE_DC_count,             0
DC_PREF_MOVE_DC_pct,         -nan
DC_PREF_MOVE_DC_total_count,             0
DC_PREF_MOVE_DC_total_pct,         -nan

DC_PREF_MOVE_L1_count,             0
DC_PREF_MOVE_L1_pct,         -nan
DC_PREF_MOVE_L1_total_count,             0
DC_PREF_MOVE_L1_total_pct,         -nan

IC_PREF_CACHE_FILL_count,             0
IC_PREF_CACHE_FILL_total_count,             0

IC_PREF_MOVE_IC_count,             0
IC_PREF_MOVE_IC_pct,         -nan
IC_PREF_MOVE_IC_total_count,             0
IC_PREF_MOVE_IC_total_pct,         -nan

IC_PREF_MOVE_L1_count,             0
IC_PREF_MOVE_L1_pct,         -nan
IC_PREF_MOVE_L1_total_count,             0
IC_PREF_MOVE_L1_total_pct,         -nan

L1_PREF_CACHE_FILL_count,             0
L1_PREF_CACHE_FILL_total_count,             0

L1_PREF_MOVE_L1_count,             0
L1_PREF_MOVE_L1_pct,         -nan
L1_PREF_MOVE_L1_total_count,             0
L1_PREF_MOVE_L1_total_pct,         -nan

OFF_PATH_CONFIRMED_count,         15677
OFF_PATH_CONFIRMED_total_count,         45689

OFF_PATH_NO_FILL_L1_count,             0
OFF_PATH_NO_FILL_L1_total_count,             0

WB_L1_MISS_FILL_L1_count,            12
WB_L1_MISS_FILL_L1_total_count,            12

WB_MLC_MISS_FILL_MLC_count,            64
WB_MLC_MISS_FILL_MLC_total_count,            95

ICACHE_EVICT_REQ_WB_L1_count,             0
ICACHE_EVICT_REQ_WB_L1_total_count,             0

DCACHE_EVICT_REQ_WB_L1_count,             0
DCACHE_EVICT_REQ_WB_L1_total_count,             0

DCACHE_EVICT_REQ_WB_L1_NOREAD_count,             0
DCACHE_EVICT_REQ_WB_L1_NOREAD_total_count,             0

L1_FILL_SKIPPED_count,             0
L1_FILL_SKIPPED_total_count,             0

MLC_FILL_SKIPPED_count,             0
MLC_FILL_SKIPPED_total_count,             0

DCACHE_FILL_count,         36587
DCACHE_FILL_total_count,         72890

DCACHE_WB_REQ_count,         15444
DCACHE_WB_REQ_pct,        0.422
DCACHE_WB_REQ_total_count,         32392
DCACHE_WB_REQ_total_pct,        0.444

DCACHE_WB_REQ_DIRTY_count,         15444
DCACHE_WB_REQ_DIRTY_pct,      100.000
DCACHE_WB_REQ_DIRTY_total_count,         32392
DCACHE_WB_REQ_DIRTY_total_pct,      100.000

DCACHE_WB_REQ_NODIRTY_count,             0
DCACHE_WB_REQ_NODIRTY_pct,        0.000
DCACHE_WB_REQ_NODIRTY_total_count,             0
DCACHE_WB_REQ_NODIRTY_total_pct,        0.000
DCACHE_WB_REQ_NODIRTY_sum_count,         15444
DCACHE_WB_REQ_NODIRTY_sum_pct,      100.000
DCACHE_WB_REQ_NODIRTY_sum_total_count,         32392
DCACHE_WB_REQ_NODIRTY_sum_total_pct,      100.000
DCACHE_WB_REQ_NODIRTY_mean,         0.00
DCACHE_WB_REQ_NODIRTY_stddev,         0.00
DCACHE_WB_REQ_NODIRTY_total_mean,         0.00
DCACHE_WB_REQ_NODIRTY_total_stddev,         0.00

ICACHE_FILL_count,         14860
ICACHE_FILL_total_count,         30897

ICACHE_WB_REQ_count,             0
ICACHE_WB_REQ_pct,        0.000
ICACHE_WB_REQ_total_count,             0
ICACHE_WB_REQ_total_pct,        0.000

L1_FILL_DIRTY_count,           452
L1_FILL_DIRTY_pct,        0.035
L1_FILL_DIRTY_total_count,           452
L1_FILL_DIRTY_total_pct,        0.014

MLC_FILL_DIRTY_count,          7386
MLC_FILL_DIRTY_pct,        0.541
MLC_FILL_DIRTY_total_count,         12853
MLC_FILL_DIRTY_total_pct,        0.402

ICACHE_UNUSEFUL_CL_CYC_count,     138731899
ICACHE_UNUSEFUL_CL_CYC_total_count,     377638834

ICACHE_UNUSEFUL_CL_count,          1948
ICACHE_UNUSEFUL_CL_total_count,          5730

ICACHE_EVICT_MISS_ONPATH_BY_FDIP_count,          1429
ICACHE_EVICT_MISS_ONPATH_BY_FDIP_pct,       83.763
ICACHE_EVICT_MISS_ONPATH_BY_FDIP_total_count,          3694
ICACHE_EVICT_MISS_ONPATH_BY_FDIP_total_pct,       70.916

ICACHE_EVICT_MISS_OFFPATH_BY_FDIP_count,           277
ICACHE_EVICT_MISS_OFFPATH_BY_FDIP_pct,       16.237
ICACHE_EVICT_MISS_OFFPATH_BY_FDIP_total_count,          1515
ICACHE_EVICT_MISS_OFFPATH_BY_FDIP_total_pct,       29.084
ICACHE_EVICT_MISS_OFFPATH_BY_FDIP_sum_count,          1706
ICACHE_EVICT_MISS_OFFPATH_BY_FDIP_sum_pct,      100.000
ICACHE_EVICT_MISS_OFFPATH_BY_FDIP_sum_total_count,          5209
ICACHE_EVICT_MISS_OFFPATH_BY_FDIP_sum_total_pct,      100.000
ICACHE_EVICT_MISS_OFFPATH_BY_FDIP_mean,         0.16
ICACHE_EVICT_MISS_OFFPATH_BY_FDIP_stddev,         0.34
ICACHE_EVICT_MISS_OFFPATH_BY_FDIP_total_mean,         0.29
ICACHE_EVICT_MISS_OFFPATH_BY_FDIP_total_stddev,         0.41

ICACHE_EVICT_MISS_BY_FDIP_ONPATH_count,            18
ICACHE_EVICT_MISS_BY_FDIP_ONPATH_pct,        1.055
ICACHE_EVICT_MISS_BY_FDIP_ONPATH_total_count,            42
ICACHE_EVICT_MISS_BY_FDIP_ONPATH_total_pct,        0.806

ICACHE_EVICT_MISS_BY_FDIP_OFFPATH_count,          1688
ICACHE_EVICT_MISS_BY_FDIP_OFFPATH_pct,       98.945
ICACHE_EVICT_MISS_BY_FDIP_OFFPATH_total_count,          5167
ICACHE_EVICT_MISS_BY_FDIP_OFFPATH_total_pct,       99.194
ICACHE_EVICT_MISS_BY_FDIP_OFFPATH_sum_count,          1706
ICACHE_EVICT_MISS_BY_FDIP_OFFPATH_sum_pct,      100.000
ICACHE_EVICT_MISS_BY_FDIP_OFFPATH_sum_total_count,          5209
ICACHE_EVICT_MISS_BY_FDIP_OFFPATH_sum_total_pct,      100.000
ICACHE_EVICT_MISS_BY_FDIP_OFFPATH_mean,         0.99
ICACHE_EVICT_MISS_BY_FDIP_OFFPATH_stddev,         0.98
ICACHE_EVICT_MISS_BY_FDIP_OFFPATH_total_mean,         0.99
ICACHE_EVICT_MISS_BY_FDIP_OFFPATH_total_stddev,         0.99

ICACHE_EVICT_HIT_ONPATH_BY_FDIP_count,         10883
ICACHE_EVICT_HIT_ONPATH_BY_FDIP_pct,       84.384
ICACHE_EVICT_HIT_ONPATH_BY_FDIP_total_count,         20275
ICACHE_EVICT_HIT_ONPATH_BY_FDIP_total_pct,       82.523

ICACHE_EVICT_HIT_OFFPATH_BY_FDIP_count,          2014
ICACHE_EVICT_HIT_OFFPATH_BY_FDIP_pct,       15.616
ICACHE_EVICT_HIT_OFFPATH_BY_FDIP_total_count,          4294
ICACHE_EVICT_HIT_OFFPATH_BY_FDIP_total_pct,       17.477
ICACHE_EVICT_HIT_OFFPATH_BY_FDIP_sum_count,         12897
ICACHE_EVICT_HIT_OFFPATH_BY_FDIP_sum_pct,      100.000
ICACHE_EVICT_HIT_OFFPATH_BY_FDIP_sum_total_count,         24569
ICACHE_EVICT_HIT_OFFPATH_BY_FDIP_sum_total_pct,      100.000
ICACHE_EVICT_HIT_OFFPATH_BY_FDIP_mean,         0.16
ICACHE_EVICT_HIT_OFFPATH_BY_FDIP_stddev,         0.34
ICACHE_EVICT_HIT_OFFPATH_BY_FDIP_total_mean,         0.17
ICACHE_EVICT_HIT_OFFPATH_BY_FDIP_total_stddev,         0.35

ICACHE_EVICT_HIT_BY_FDIP_ONPATH_count,          9117
ICACHE_EVICT_HIT_BY_FDIP_ONPATH_pct,       70.691
ICACHE_EVICT_HIT_BY_FDIP_ONPATH_total_count,         17097
ICACHE_EVICT_HIT_BY_FDIP_ONPATH_total_pct,       69.588

ICACHE_EVICT_HIT_BY_FDIP_OFFPATH_count,          3780
ICACHE_EVICT_HIT_BY_FDIP_OFFPATH_pct,       29.309
ICACHE_EVICT_HIT_BY_FDIP_OFFPATH_total_count,          7472
ICACHE_EVICT_HIT_BY_FDIP_OFFPATH_total_pct,       30.412
ICACHE_EVICT_HIT_BY_FDIP_OFFPATH_sum_count,         12897
ICACHE_EVICT_HIT_BY_FDIP_OFFPATH_sum_pct,      100.000
ICACHE_EVICT_HIT_BY_FDIP_OFFPATH_sum_total_count,         24569
ICACHE_EVICT_HIT_BY_FDIP_OFFPATH_sum_total_pct,      100.000
ICACHE_EVICT_HIT_BY_FDIP_OFFPATH_mean,         0.29
ICACHE_EVICT_HIT_BY_FDIP_OFFPATH_stddev,         0.41
ICACHE_EVICT_HIT_BY_FDIP_OFFPATH_total_mean,         0.30
ICACHE_EVICT_HIT_BY_FDIP_OFFPATH_total_stddev,         0.42

MEM_REQ_DENIED_NULL_count,             0
MEM_REQ_DENIED_NULL_pct,         -nan
MEM_REQ_DENIED_NULL_total_count,             0
MEM_REQ_DENIED_NULL_total_pct,         -nan

MEM_REQ_DENIED_INST_OUTOF_CS_count,             0
MEM_REQ_DENIED_INST_OUTOF_CS_pct,         -nan
MEM_REQ_DENIED_INST_OUTOF_CS_total_count,             0
MEM_REQ_DENIED_INST_OUTOF_CS_total_pct,         -nan

MEM_REQ_DENIED_DATA_IN_CS_count,             0
MEM_REQ_DENIED_DATA_IN_CS_pct,         -nan
MEM_REQ_DENIED_DATA_IN_CS_total_count,             0
MEM_REQ_DENIED_DATA_IN_CS_total_pct,         -nan

MEM_REQ_DENIED_DATA_OUTOF_RANGE_count,             0
MEM_REQ_DENIED_DATA_OUTOF_RANGE_pct,         -nan
MEM_REQ_DENIED_DATA_OUTOF_RANGE_total_count,             0
MEM_REQ_DENIED_DATA_OUTOF_RANGE_total_pct,         -nan
MEM_REQ_DENIED_DATA_OUTOF_RANGE_sum_count,             0
MEM_REQ_DENIED_DATA_OUTOF_RANGE_sum_pct,         -nan
MEM_REQ_DENIED_DATA_OUTOF_RANGE_sum_total_count,             0
MEM_REQ_DENIED_DATA_OUTOF_RANGE_sum_total_pct,         -nan
MEM_REQ_DENIED_DATA_OUTOF_RANGE_mean,         -nan
MEM_REQ_DENIED_DATA_OUTOF_RANGE_stddev,         -nan
MEM_REQ_DENIED_DATA_OUTOF_RANGE_total_mean,         -nan
MEM_REQ_DENIED_DATA_OUTOF_RANGE_total_stddev,         -nan

MEM_REQ_DENIED_count,             0
MEM_REQ_DENIED_pct,         -nan
MEM_REQ_DENIED_total_count,             0
MEM_REQ_DENIED_total_pct,         -nan

MEM_REQ_NOT_DENIED_count,             0
MEM_REQ_NOT_DENIED_pct,         -nan
MEM_REQ_NOT_DENIED_total_count,             0
MEM_REQ_NOT_DENIED_total_pct,         -nan
MEM_REQ_NOT_DENIED_sum_count,             0
MEM_REQ_NOT_DENIED_sum_pct,         -nan
MEM_REQ_NOT_DENIED_sum_total_count,             0
MEM_REQ_NOT_DENIED_sum_total_pct,         -nan
MEM_REQ_NOT_DENIED_mean,         -nan
MEM_REQ_NOT_DENIED_stddev,         -nan
MEM_REQ_NOT_DENIED_total_mean,         -nan
MEM_REQ_NOT_DENIED_total_stddev,         -nan

DEMAND_HIT_WB_STALL_count,             0
DEMAND_HIT_WB_STALL_total_count,             0

EXCLUSION_VIOLATED_OSR_count,             0
EXCLUSION_VIOLATED_OSR_pct,         -nan
EXCLUSION_VIOLATED_OSR_total_count,             0
EXCLUSION_VIOLATED_OSR_total_pct,         -nan

EXCLUSION_VIOLATED_NOTOSR_count,             0
EXCLUSION_VIOLATED_NOTOSR_pct,         -nan
EXCLUSION_VIOLATED_NOTOSR_total_count,             0
EXCLUSION_VIOLATED_NOTOSR_total_pct,         -nan

EXCLUSION_NOT_VIOLATED_count,             0
EXCLUSION_NOT_VIOLATED_pct,         -nan
EXCLUSION_NOT_VIOLATED_total_count,             0
EXCLUSION_NOT_VIOLATED_total_pct,         -nan
EXCLUSION_NOT_VIOLATED_sum_count,             0
EXCLUSION_NOT_VIOLATED_sum_pct,         -nan
EXCLUSION_NOT_VIOLATED_sum_total_count,             0
EXCLUSION_NOT_VIOLATED_sum_total_pct,         -nan
EXCLUSION_NOT_VIOLATED_mean,         -nan
EXCLUSION_NOT_VIOLATED_stddev,         -nan
EXCLUSION_NOT_VIOLATED_total_mean,         -nan
EXCLUSION_NOT_VIOLATED_total_stddev,         -nan

DIRTY_WRITE_TO_ICACHE_count,             0
DIRTY_WRITE_TO_ICACHE_total_count,             0

STREAM_DC_HIT_NOSEND_count,             0
STREAM_DC_HIT_NOSEND_pct,         -nan
STREAM_DC_HIT_NOSEND_total_count,             0
STREAM_DC_HIT_NOSEND_total_pct,         -nan

STREAM_WBQDC_HIT_NOSEND_count,             0
STREAM_WBQDC_HIT_NOSEND_pct,         -nan
STREAM_WBQDC_HIT_NOSEND_total_count,             0
STREAM_WBQDC_HIT_NOSEND_total_pct,         -nan
STREAM_WBQDC_HIT_NOSEND_sum_count,             0
STREAM_WBQDC_HIT_NOSEND_sum_pct,         -nan
STREAM_WBQDC_HIT_NOSEND_sum_total_count,             0
STREAM_WBQDC_HIT_NOSEND_sum_total_pct,         -nan
STREAM_WBQDC_HIT_NOSEND_mean,         -nan
STREAM_WBQDC_HIT_NOSEND_stddev,         -nan
STREAM_WBQDC_HIT_NOSEND_total_mean,         -nan
STREAM_WBQDC_HIT_NOSEND_total_stddev,         -nan

STREAM_DCACHE_PREF_HIT_count,             0
STREAM_DCACHE_PREF_HIT_total_count,             0

PREF_DC_HIT_ON_INSERT_count,             0
PREF_DC_HIT_ON_INSERT_pct,         -nan
PREF_DC_HIT_ON_INSERT_total_count,             0
PREF_DC_HIT_ON_INSERT_total_pct,         -nan

PREF_L1_HIT_ON_INSERT_count,             0
PREF_L1_HIT_ON_INSERT_pct,         -nan
PREF_L1_HIT_ON_INSERT_total_count,             0
PREF_L1_HIT_ON_INSERT_total_pct,         -nan
PREF_L1_HIT_ON_INSERT_sum_count,             0
PREF_L1_HIT_ON_INSERT_sum_pct,         -nan
PREF_L1_HIT_ON_INSERT_sum_total_count,             0
PREF_L1_HIT_ON_INSERT_sum_total_pct,         -nan
PREF_L1_HIT_ON_INSERT_mean,         -nan
PREF_L1_HIT_ON_INSERT_stddev,         -nan
PREF_L1_HIT_ON_INSERT_total_mean,         -nan
PREF_L1_HIT_ON_INSERT_total_stddev,         -nan

L1_NEWREQ_MATCHED_MLC_REQ_count,            22
L1_NEWREQ_MATCHED_MLC_REQ_total_count,            51

MLC_NEWREQ_MATCHED_L2_PREF_count,            74
MLC_NEWREQ_MATCHED_L2_PREF_total_count,           189

MLC_NEWREQ_MATCHED_L2_PREF_MLC_HIT_count,             0
MLC_NEWREQ_MATCHED_L2_PREF_MLC_HIT_pct,        0.000
MLC_NEWREQ_MATCHED_L2_PREF_MLC_HIT_total_count,             1
MLC_NEWREQ_MATCHED_L2_PREF_MLC_HIT_total_pct,        0.005

NEWREQ_WB_MATCH_IGNORED_count,             0
NEWREQ_WB_MATCH_IGNORED_total_count,             0

DEMAND_MATCH_WB_NEW_DONE_FUNC_count,             0
DEMAND_MATCH_WB_NEW_DONE_FUNC_pct,         -nan
DEMAND_MATCH_WB_NEW_DONE_FUNC_total_count,             0
DEMAND_MATCH_WB_NEW_DONE_FUNC_total_pct,         -nan

DEMAND_MATCH_WB_NEW_DONE_FUNC_NULL_count,             0
DEMAND_MATCH_WB_NEW_DONE_FUNC_NULL_pct,         -nan
DEMAND_MATCH_WB_NEW_DONE_FUNC_NULL_total_count,             0
DEMAND_MATCH_WB_NEW_DONE_FUNC_NULL_total_pct,         -nan

DEMAND_MATCH_WB_DONE_FUNC_NOT_SAME_count,             0
DEMAND_MATCH_WB_DONE_FUNC_NOT_SAME_pct,         -nan
DEMAND_MATCH_WB_DONE_FUNC_NOT_SAME_total_count,             0
DEMAND_MATCH_WB_DONE_FUNC_NOT_SAME_total_pct,         -nan

DEMAND_MATCH_WB_DONE_FUNC_SAME_count,             0
DEMAND_MATCH_WB_DONE_FUNC_SAME_pct,         -nan
DEMAND_MATCH_WB_DONE_FUNC_SAME_total_count,             0
DEMAND_MATCH_WB_DONE_FUNC_SAME_total_pct,         -nan
DEMAND_MATCH_WB_DONE_FUNC_SAME_sum_count,             0
DEMAND_MATCH_WB_DONE_FUNC_SAME_sum_pct,         -nan
DEMAND_MATCH_WB_DONE_FUNC_SAME_sum_total_count,             0
DEMAND_MATCH_WB_DONE_FUNC_SAME_sum_total_pct,         -nan
DEMAND_MATCH_WB_DONE_FUNC_SAME_mean,         -nan
DEMAND_MATCH_WB_DONE_FUNC_SAME_stddev,         -nan
DEMAND_MATCH_WB_DONE_FUNC_SAME_total_mean,         -nan
DEMAND_MATCH_WB_DONE_FUNC_SAME_total_stddev,         -nan

DEMAND_MATCH_WB_count,             0
DEMAND_MATCH_WB_pct,         -nan
DEMAND_MATCH_WB_total_count,             0
DEMAND_MATCH_WB_total_pct,         -nan

DEMAND_MATCH_WB_NODIRTY_count,             0
DEMAND_MATCH_WB_NODIRTY_pct,         -nan
DEMAND_MATCH_WB_NODIRTY_total_count,             0
DEMAND_MATCH_WB_NODIRTY_total_pct,         -nan
DEMAND_MATCH_WB_NODIRTY_sum_count,             0
DEMAND_MATCH_WB_NODIRTY_sum_pct,         -nan
DEMAND_MATCH_WB_NODIRTY_sum_total_count,             0
DEMAND_MATCH_WB_NODIRTY_sum_total_pct,         -nan
DEMAND_MATCH_WB_NODIRTY_mean,         -nan
DEMAND_MATCH_WB_NODIRTY_stddev,         -nan
DEMAND_MATCH_WB_NODIRTY_total_mean,         -nan
DEMAND_MATCH_WB_NODIRTY_total_stddev,         -nan

DEMAND_MATCH_WBALL_IFETCH_count,             0
DEMAND_MATCH_WBALL_IFETCH_pct,         -nan
DEMAND_MATCH_WBALL_IFETCH_total_count,             0
DEMAND_MATCH_WBALL_IFETCH_total_pct,         -nan

DEMAND_MATCH_WBALL_DFETCH_count,             0
DEMAND_MATCH_WBALL_DFETCH_pct,         -nan
DEMAND_MATCH_WBALL_DFETCH_total_count,             0
DEMAND_MATCH_WBALL_DFETCH_total_pct,         -nan

DEMAND_MATCH_WBALL_DSTORE_count,             0
DEMAND_MATCH_WBALL_DSTORE_pct,         -nan
DEMAND_MATCH_WBALL_DSTORE_total_count,             0
DEMAND_MATCH_WBALL_DSTORE_total_pct,         -nan

DEMAND_MATCH_WBALL_IPRF_count,             0
DEMAND_MATCH_WBALL_IPRF_pct,         -nan
DEMAND_MATCH_WBALL_IPRF_total_count,             0
DEMAND_MATCH_WBALL_IPRF_total_pct,         -nan

DEMAND_MATCH_WBALL_DPRF_count,             0
DEMAND_MATCH_WBALL_DPRF_pct,         -nan
DEMAND_MATCH_WBALL_DPRF_total_count,             0
DEMAND_MATCH_WBALL_DPRF_total_pct,         -nan

DEMAND_MATCH_WBALL_WB_count,             0
DEMAND_MATCH_WBALL_WB_pct,         -nan
DEMAND_MATCH_WBALL_WB_total_count,             0
DEMAND_MATCH_WBALL_WB_total_pct,         -nan

DEMAND_MATCH_WBALL_WB_NODIRTY_count,             0
DEMAND_MATCH_WBALL_WB_NODIRTY_pct,         -nan
DEMAND_MATCH_WBALL_WB_NODIRTY_total_count,             0
DEMAND_MATCH_WBALL_WB_NODIRTY_total_pct,         -nan
DEMAND_MATCH_WBALL_WB_NODIRTY_sum_count,             0
DEMAND_MATCH_WBALL_WB_NODIRTY_sum_pct,         -nan
DEMAND_MATCH_WBALL_WB_NODIRTY_sum_total_count,             0
DEMAND_MATCH_WBALL_WB_NODIRTY_sum_total_pct,         -nan
DEMAND_MATCH_WBALL_WB_NODIRTY_mean,         -nan
DEMAND_MATCH_WBALL_WB_NODIRTY_stddev,         -nan
DEMAND_MATCH_WBALL_WB_NODIRTY_total_mean,         -nan
DEMAND_MATCH_WBALL_WB_NODIRTY_total_stddev,         -nan

DEMAND_MATCH_WB_IFETCH_count,             0
DEMAND_MATCH_WB_IFETCH_pct,         -nan
DEMAND_MATCH_WB_IFETCH_total_count,             0
DEMAND_MATCH_WB_IFETCH_total_pct,         -nan

DEMAND_MATCH_WB_DFETCH_count,             0
DEMAND_MATCH_WB_DFETCH_pct,         -nan
DEMAND_MATCH_WB_DFETCH_total_count,             0
DEMAND_MATCH_WB_DFETCH_total_pct,         -nan

DEMAND_MATCH_WB_DSTORE_count,             0
DEMAND_MATCH_WB_DSTORE_pct,         -nan
DEMAND_MATCH_WB_DSTORE_total_count,             0
DEMAND_MATCH_WB_DSTORE_total_pct,         -nan

DEMAND_MATCH_WB_IPRF_count,             0
DEMAND_MATCH_WB_IPRF_pct,         -nan
DEMAND_MATCH_WB_IPRF_total_count,             0
DEMAND_MATCH_WB_IPRF_total_pct,         -nan

DEMAND_MATCH_WB_DPRF_count,             0
DEMAND_MATCH_WB_DPRF_pct,         -nan
DEMAND_MATCH_WB_DPRF_total_count,             0
DEMAND_MATCH_WB_DPRF_total_pct,         -nan

DEMAND_MATCH_WB_WB_count,             0
DEMAND_MATCH_WB_WB_pct,         -nan
DEMAND_MATCH_WB_WB_total_count,             0
DEMAND_MATCH_WB_WB_total_pct,         -nan

DEMAND_MATCH_WB_WB_NODIRTY_count,             0
DEMAND_MATCH_WB_WB_NODIRTY_pct,         -nan
DEMAND_MATCH_WB_WB_NODIRTY_total_count,             0
DEMAND_MATCH_WB_WB_NODIRTY_total_pct,         -nan
DEMAND_MATCH_WB_WB_NODIRTY_sum_count,             0
DEMAND_MATCH_WB_WB_NODIRTY_sum_pct,         -nan
DEMAND_MATCH_WB_WB_NODIRTY_sum_total_count,             0
DEMAND_MATCH_WB_WB_NODIRTY_sum_total_pct,         -nan
DEMAND_MATCH_WB_WB_NODIRTY_mean,         -nan
DEMAND_MATCH_WB_WB_NODIRTY_stddev,         -nan
DEMAND_MATCH_WB_WB_NODIRTY_total_mean,         -nan
DEMAND_MATCH_WB_WB_NODIRTY_total_stddev,         -nan

DEMAND_MATCH_WB_ND_IFETCH_count,             0
DEMAND_MATCH_WB_ND_IFETCH_pct,         -nan
DEMAND_MATCH_WB_ND_IFETCH_total_count,             0
DEMAND_MATCH_WB_ND_IFETCH_total_pct,         -nan

DEMAND_MATCH_WB_ND_DFETCH_count,             0
DEMAND_MATCH_WB_ND_DFETCH_pct,         -nan
DEMAND_MATCH_WB_ND_DFETCH_total_count,             0
DEMAND_MATCH_WB_ND_DFETCH_total_pct,         -nan

DEMAND_MATCH_WB_ND_DSTORE_count,             0
DEMAND_MATCH_WB_ND_DSTORE_pct,         -nan
DEMAND_MATCH_WB_ND_DSTORE_total_count,             0
DEMAND_MATCH_WB_ND_DSTORE_total_pct,         -nan

DEMAND_MATCH_WB_ND_IPRF_count,             0
DEMAND_MATCH_WB_ND_IPRF_pct,         -nan
DEMAND_MATCH_WB_ND_IPRF_total_count,             0
DEMAND_MATCH_WB_ND_IPRF_total_pct,         -nan

DEMAND_MATCH_WB_ND_DPRF_count,             0
DEMAND_MATCH_WB_ND_DPRF_pct,         -nan
DEMAND_MATCH_WB_ND_DPRF_total_count,             0
DEMAND_MATCH_WB_ND_DPRF_total_pct,         -nan

DEMAND_MATCH_WB_ND_WB_count,             0
DEMAND_MATCH_WB_ND_WB_pct,         -nan
DEMAND_MATCH_WB_ND_WB_total_count,             0
DEMAND_MATCH_WB_ND_WB_total_pct,         -nan

DEMAND_MATCH_WB_ND_WB_NODIRTY_count,             0
DEMAND_MATCH_WB_ND_WB_NODIRTY_pct,         -nan
DEMAND_MATCH_WB_ND_WB_NODIRTY_total_count,             0
DEMAND_MATCH_WB_ND_WB_NODIRTY_total_pct,         -nan
DEMAND_MATCH_WB_ND_WB_NODIRTY_sum_count,             0
DEMAND_MATCH_WB_ND_WB_NODIRTY_sum_pct,         -nan
DEMAND_MATCH_WB_ND_WB_NODIRTY_sum_total_count,             0
DEMAND_MATCH_WB_ND_WB_NODIRTY_sum_total_pct,         -nan
DEMAND_MATCH_WB_ND_WB_NODIRTY_mean,         -nan
DEMAND_MATCH_WB_ND_WB_NODIRTY_stddev,         -nan
DEMAND_MATCH_WB_ND_WB_NODIRTY_total_mean,         -nan
DEMAND_MATCH_WB_ND_WB_NODIRTY_total_stddev,         -nan

WB_MATCH_DEMAND_count,             0
WB_MATCH_DEMAND_pct,        0.000
WB_MATCH_DEMAND_total_count,             0
WB_MATCH_DEMAND_total_pct,        0.000

WB_MATCH_PREF_count,             0
WB_MATCH_PREF_pct,        0.000
WB_MATCH_PREF_total_count,             0
WB_MATCH_PREF_total_pct,        0.000

WB_MATCH_WB_count,             0
WB_MATCH_WB_pct,        0.000
WB_MATCH_WB_total_count,             0
WB_MATCH_WB_total_pct,        0.000

WB_MATCH_WB_FILTERED_count,         91508
WB_MATCH_WB_FILTERED_pct,      100.000
WB_MATCH_WB_FILTERED_total_count,        190936
WB_MATCH_WB_FILTERED_total_pct,      100.000
WB_MATCH_WB_FILTERED_sum_count,         91508
WB_MATCH_WB_FILTERED_sum_pct,      100.000
WB_MATCH_WB_FILTERED_sum_total_count,        190936
WB_MATCH_WB_FILTERED_sum_total_pct,      100.000
WB_MATCH_WB_FILTERED_mean,         3.00
WB_MATCH_WB_FILTERED_stddev,         3.00
WB_MATCH_WB_FILTERED_total_mean,         3.00
WB_MATCH_WB_FILTERED_total_stddev,         3.00

WB_COMING_BACK_FROM_MEM_count,             0
WB_COMING_BACK_FROM_MEM_total_count,             0

WB_COMING_BACK_FROM_L1_count,             0
WB_COMING_BACK_FROM_L1_total_count,             0

WB_COMING_BACK_FROM_MLC_count,             0
WB_COMING_BACK_FROM_MLC_total_count,             0

MEM_REQ_MATCH_OFF_PATH_HIT_BY_ON_PATH_count,           437
MEM_REQ_MATCH_OFF_PATH_HIT_BY_ON_PATH_pct,        0.464
MEM_REQ_MATCH_OFF_PATH_HIT_BY_ON_PATH_total_count,           883
MEM_REQ_MATCH_OFF_PATH_HIT_BY_ON_PATH_total_pct,        0.438

MEM_REQ_MATCH_OFF_PATH_HIT_BY_ON_PATH_ET_count,         93812
MEM_REQ_MATCH_OFF_PATH_HIT_BY_ON_PATH_ET_pct,       99.536
MEM_REQ_MATCH_OFF_PATH_HIT_BY_ON_PATH_ET_total_count,        200514
MEM_REQ_MATCH_OFF_PATH_HIT_BY_ON_PATH_ET_total_pct,       99.562
MEM_REQ_MATCH_OFF_PATH_HIT_BY_ON_PATH_ET_sum_count,         94249
MEM_REQ_MATCH_OFF_PATH_HIT_BY_ON_PATH_ET_sum_pct,      100.000
MEM_REQ_MATCH_OFF_PATH_HIT_BY_ON_PATH_ET_sum_total_count,        201397
MEM_REQ_MATCH_OFF_PATH_HIT_BY_ON_PATH_ET_sum_total_pct,      100.000
MEM_REQ_MATCH_OFF_PATH_HIT_BY_ON_PATH_ET_mean,         1.00
MEM_REQ_MATCH_OFF_PATH_HIT_BY_ON_PATH_ET_stddev,         0.99
MEM_REQ_MATCH_OFF_PATH_HIT_BY_ON_PATH_ET_total_mean,         1.00
MEM_REQ_MATCH_OFF_PATH_HIT_BY_ON_PATH_ET_total_stddev,         0.99

TOTAL_ONPATH_ICACHE_FILLS_count,             0
TOTAL_ONPATH_ICACHE_FILLS_total_count,             0

TOTAL_ONPATH_DCACHE_FILLS_count,             0
TOTAL_ONPATH_DCACHE_FILLS_total_count,             0

TOTAL_ONPATH_L1_FILLS_count,             0
TOTAL_ONPATH_L1_FILLS_total_count,             0

PER1K_ONPATH_ICACHE_FILLS_count,             0
PER1K_ONPATH_ICACHE_FILLS_pct,        0.000
PER1K_ONPATH_ICACHE_FILLS_total_count,             0
PER1K_ONPATH_ICACHE_FILLS_total_pct,        0.000

PER1K_ONPATH_DCACHE_FILLS_count,             0
PER1K_ONPATH_DCACHE_FILLS_pct,        0.000
PER1K_ONPATH_DCACHE_FILLS_total_count,             0
PER1K_ONPATH_DCACHE_FILLS_total_pct,        0.000

PER1K_ONPATH_L1_FILLS_count,             0
PER1K_ONPATH_L1_FILLS_pct,        0.000
PER1K_ONPATH_L1_FILLS_total_count,             0
PER1K_ONPATH_L1_FILLS_total_pct,        0.000

PER1K_L1_DEMAND_MISS_ONPATH_count,          7026
PER1K_L1_DEMAND_MISS_ONPATH_pct,        0.348
PER1K_L1_DEMAND_MISS_ONPATH_total_count,         16562
PER1K_L1_DEMAND_MISS_ONPATH_total_pct,        0.820

PER1K_L1_DEMAND_MISS_OFFPATH_count,            33
PER1K_L1_DEMAND_MISS_OFFPATH_pct,        0.002
PER1K_L1_DEMAND_MISS_OFFPATH_total_count,           160
PER1K_L1_DEMAND_MISS_OFFPATH_total_pct,        0.008

L2_IDEAL_FILL_L1_count,             0
L2_IDEAL_FILL_L1_pct,         -nan
L2_IDEAL_FILL_L1_total_count,             0
L2_IDEAL_FILL_L1_total_pct,         -nan

L2_IDEAL_MISS_L2_count,             0
L2_IDEAL_MISS_L2_pct,         -nan
L2_IDEAL_MISS_L2_total_count,             0
L2_IDEAL_MISS_L2_total_pct,         -nan
L2_IDEAL_MISS_L2_sum_count,             0
L2_IDEAL_MISS_L2_sum_pct,         -nan
L2_IDEAL_MISS_L2_sum_total_count,             0
L2_IDEAL_MISS_L2_sum_total_pct,         -nan
L2_IDEAL_MISS_L2_mean,         -nan
L2_IDEAL_MISS_L2_stddev,         -nan
L2_IDEAL_MISS_L2_total_mean,         -nan
L2_IDEAL_MISS_L2_total_stddev,         -nan

L2_IDEAL_FILL_ICACHE_count,             0
L2_IDEAL_FILL_ICACHE_pct,         -nan
L2_IDEAL_FILL_ICACHE_total_count,             0
L2_IDEAL_FILL_ICACHE_total_pct,         -nan

L2_IDEAL_MISS_ICACHE_count,             0
L2_IDEAL_MISS_ICACHE_pct,         -nan
L2_IDEAL_MISS_ICACHE_total_count,             0
L2_IDEAL_MISS_ICACHE_total_pct,         -nan
L2_IDEAL_MISS_ICACHE_sum_count,             0
L2_IDEAL_MISS_ICACHE_sum_pct,         -nan
L2_IDEAL_MISS_ICACHE_sum_total_count,             0
L2_IDEAL_MISS_ICACHE_sum_total_pct,         -nan
L2_IDEAL_MISS_ICACHE_mean,         -nan
L2_IDEAL_MISS_ICACHE_stddev,         -nan
L2_IDEAL_MISS_ICACHE_total_mean,         -nan
L2_IDEAL_MISS_ICACHE_total_stddev,         -nan

HPS_MISS_DELTA__0_count,             0
HPS_MISS_DELTA__0_pct,         -nan
HPS_MISS_DELTA__0_total_count,             0
HPS_MISS_DELTA__0_total_pct,         -nan

HPS_MISS_DELTA__1_count,             0
HPS_MISS_DELTA__1_pct,         -nan
HPS_MISS_DELTA__1_total_count,             0
HPS_MISS_DELTA__1_total_pct,         -nan

HPS_MISS_DELTA__2_count,             0
HPS_MISS_DELTA__2_pct,         -nan
HPS_MISS_DELTA__2_total_count,             0
HPS_MISS_DELTA__2_total_pct,         -nan

HPS_MISS_DELTA__3_count,             0
HPS_MISS_DELTA__3_pct,         -nan
HPS_MISS_DELTA__3_total_count,             0
HPS_MISS_DELTA__3_total_pct,         -nan

HPS_MISS_DELTA__4_count,             0
HPS_MISS_DELTA__4_pct,         -nan
HPS_MISS_DELTA__4_total_count,             0
HPS_MISS_DELTA__4_total_pct,         -nan

HPS_MISS_DELTA__5_count,             0
HPS_MISS_DELTA__5_pct,         -nan
HPS_MISS_DELTA__5_total_count,             0
HPS_MISS_DELTA__5_total_pct,         -nan

HPS_MISS_DELTA__6_count,             0
HPS_MISS_DELTA__6_pct,         -nan
HPS_MISS_DELTA__6_total_count,             0
HPS_MISS_DELTA__6_total_pct,         -nan

HPS_MISS_DELTA__7_count,             0
HPS_MISS_DELTA__7_pct,         -nan
HPS_MISS_DELTA__7_total_count,             0
HPS_MISS_DELTA__7_total_pct,         -nan

HPS_MISS_DELTA__8_count,             0
HPS_MISS_DELTA__8_pct,         -nan
HPS_MISS_DELTA__8_total_count,             0
HPS_MISS_DELTA__8_total_pct,         -nan

HPS_MISS_DELTA__9_count,             0
HPS_MISS_DELTA__9_pct,         -nan
HPS_MISS_DELTA__9_total_count,             0
HPS_MISS_DELTA__9_total_pct,         -nan
HPS_MISS_DELTA__9_sum_count,             0
HPS_MISS_DELTA__9_sum_pct,         -nan
HPS_MISS_DELTA__9_sum_total_count,             0
HPS_MISS_DELTA__9_sum_total_pct,         -nan
HPS_MISS_DELTA__9_mean,         -nan
HPS_MISS_DELTA__9_stddev,         -nan
HPS_MISS_DELTA__9_total_mean,         -nan
HPS_MISS_DELTA__9_total_stddev,         -nan

HPS_HIT_DELTA__0_count,             0
HPS_HIT_DELTA__0_pct,         -nan
HPS_HIT_DELTA__0_total_count,             0
HPS_HIT_DELTA__0_total_pct,         -nan

HPS_HIT_DELTA__1_count,             0
HPS_HIT_DELTA__1_pct,         -nan
HPS_HIT_DELTA__1_total_count,             0
HPS_HIT_DELTA__1_total_pct,         -nan

HPS_HIT_DELTA__2_count,             0
HPS_HIT_DELTA__2_pct,         -nan
HPS_HIT_DELTA__2_total_count,             0
HPS_HIT_DELTA__2_total_pct,         -nan

HPS_HIT_DELTA__3_count,             0
HPS_HIT_DELTA__3_pct,         -nan
HPS_HIT_DELTA__3_total_count,             0
HPS_HIT_DELTA__3_total_pct,         -nan

HPS_HIT_DELTA__4_count,             0
HPS_HIT_DELTA__4_pct,         -nan
HPS_HIT_DELTA__4_total_count,             0
HPS_HIT_DELTA__4_total_pct,         -nan

HPS_HIT_DELTA__5_count,             0
HPS_HIT_DELTA__5_pct,         -nan
HPS_HIT_DELTA__5_total_count,             0
HPS_HIT_DELTA__5_total_pct,         -nan

HPS_HIT_DELTA__6_count,             0
HPS_HIT_DELTA__6_pct,         -nan
HPS_HIT_DELTA__6_total_count,             0
HPS_HIT_DELTA__6_total_pct,         -nan

HPS_HIT_DELTA__7_count,             0
HPS_HIT_DELTA__7_pct,         -nan
HPS_HIT_DELTA__7_total_count,             0
HPS_HIT_DELTA__7_total_pct,         -nan

HPS_HIT_DELTA__8_count,             0
HPS_HIT_DELTA__8_pct,         -nan
HPS_HIT_DELTA__8_total_count,             0
HPS_HIT_DELTA__8_total_pct,         -nan

HPS_HIT_DELTA__9_count,             0
HPS_HIT_DELTA__9_pct,         -nan
HPS_HIT_DELTA__9_total_count,             0
HPS_HIT_DELTA__9_total_pct,         -nan
HPS_HIT_DELTA__9_sum_count,             0
HPS_HIT_DELTA__9_sum_pct,         -nan
HPS_HIT_DELTA__9_sum_total_count,             0
HPS_HIT_DELTA__9_sum_total_pct,         -nan
HPS_HIT_DELTA__9_mean,         -nan
HPS_HIT_DELTA__9_stddev,         -nan
HPS_HIT_DELTA__9_total_mean,         -nan
HPS_HIT_DELTA__9_total_stddev,         -nan

DC_MISS_DELTA__0_count,             0
DC_MISS_DELTA__0_pct,         -nan
DC_MISS_DELTA__0_total_count,             0
DC_MISS_DELTA__0_total_pct,         -nan

DC_MISS_DELTA__1_count,             0
DC_MISS_DELTA__1_pct,         -nan
DC_MISS_DELTA__1_total_count,             0
DC_MISS_DELTA__1_total_pct,         -nan

DC_MISS_DELTA__2_count,             0
DC_MISS_DELTA__2_pct,         -nan
DC_MISS_DELTA__2_total_count,             0
DC_MISS_DELTA__2_total_pct,         -nan

DC_MISS_DELTA__3_count,             0
DC_MISS_DELTA__3_pct,         -nan
DC_MISS_DELTA__3_total_count,             0
DC_MISS_DELTA__3_total_pct,         -nan

DC_MISS_DELTA__4_count,             0
DC_MISS_DELTA__4_pct,         -nan
DC_MISS_DELTA__4_total_count,             0
DC_MISS_DELTA__4_total_pct,         -nan

DC_MISS_DELTA__5_count,             0
DC_MISS_DELTA__5_pct,         -nan
DC_MISS_DELTA__5_total_count,             0
DC_MISS_DELTA__5_total_pct,         -nan

DC_MISS_DELTA__6_count,             0
DC_MISS_DELTA__6_pct,         -nan
DC_MISS_DELTA__6_total_count,             0
DC_MISS_DELTA__6_total_pct,         -nan

DC_MISS_DELTA__7_count,             0
DC_MISS_DELTA__7_pct,         -nan
DC_MISS_DELTA__7_total_count,             0
DC_MISS_DELTA__7_total_pct,         -nan

DC_MISS_DELTA__8_count,             0
DC_MISS_DELTA__8_pct,         -nan
DC_MISS_DELTA__8_total_count,             0
DC_MISS_DELTA__8_total_pct,         -nan

DC_MISS_DELTA__9_count,             0
DC_MISS_DELTA__9_pct,         -nan
DC_MISS_DELTA__9_total_count,             0
DC_MISS_DELTA__9_total_pct,         -nan
DC_MISS_DELTA__9_sum_count,             0
DC_MISS_DELTA__9_sum_pct,         -nan
DC_MISS_DELTA__9_sum_total_count,             0
DC_MISS_DELTA__9_sum_total_pct,         -nan
DC_MISS_DELTA__9_mean,         -nan
DC_MISS_DELTA__9_stddev,         -nan
DC_MISS_DELTA__9_total_mean,         -nan
DC_MISS_DELTA__9_total_stddev,         -nan

ONE_MORE_SUCESS_count,             0
ONE_MORE_SUCESS_pct,         -nan
ONE_MORE_SUCESS_total_count,             0
ONE_MORE_SUCESS_total_pct,         -nan

ONE_MORE_DISCARDED_L0CACHE_count,             0
ONE_MORE_DISCARDED_L0CACHE_pct,         -nan
ONE_MORE_DISCARDED_L0CACHE_total_count,             0
ONE_MORE_DISCARDED_L0CACHE_total_pct,         -nan

ONE_MORE_DISCARDED_MEM_REQ_FULL_count,             0
ONE_MORE_DISCARDED_MEM_REQ_FULL_pct,         -nan
ONE_MORE_DISCARDED_MEM_REQ_FULL_total_count,             0
ONE_MORE_DISCARDED_MEM_REQ_FULL_total_pct,         -nan
ONE_MORE_DISCARDED_MEM_REQ_FULL_sum_count,             0
ONE_MORE_DISCARDED_MEM_REQ_FULL_sum_pct,         -nan
ONE_MORE_DISCARDED_MEM_REQ_FULL_sum_total_count,             0
ONE_MORE_DISCARDED_MEM_REQ_FULL_sum_total_pct,         -nan
ONE_MORE_DISCARDED_MEM_REQ_FULL_mean,         -nan
ONE_MORE_DISCARDED_MEM_REQ_FULL_stddev,         -nan
ONE_MORE_DISCARDED_MEM_REQ_FULL_total_mean,         -nan
ONE_MORE_DISCARDED_MEM_REQ_FULL_total_stddev,         -nan

PREF_L1_TOTAL_SENT_count,          5795
PREF_L1_TOTAL_SENT_total_count,         13083

PREF_L1_TOTAL_USED_count,          4769
PREF_L1_TOTAL_USED_pct,       82.295
PREF_L1_TOTAL_USED_total_count,         10344
PREF_L1_TOTAL_USED_total_pct,       90.097

PREF_L1_TOTAL_PARTIAL_USED_count,            72
PREF_L1_TOTAL_PARTIAL_USED_pct,        1.242
PREF_L1_TOTAL_PARTIAL_USED_total_count,           183
PREF_L1_TOTAL_PARTIAL_USED_total_pct,        1.594

PREF_L1_TOTAL_NOT_USED_count,           954
PREF_L1_TOTAL_NOT_USED_pct,       16.462
PREF_L1_TOTAL_NOT_USED_total_count,           954
PREF_L1_TOTAL_NOT_USED_total_pct,        8.309

PREF_L1_TOTAL_DROPPED_count,             0
PREF_L1_TOTAL_DROPPED_pct,        0.000
PREF_L1_TOTAL_DROPPED_total_count,             0
PREF_L1_TOTAL_DROPPED_total_pct,        0.000
PREF_L1_TOTAL_DROPPED_sum_count,          5795
PREF_L1_TOTAL_DROPPED_sum_pct,      100.000
PREF_L1_TOTAL_DROPPED_sum_total_count,         11481
PREF_L1_TOTAL_DROPPED_sum_total_pct,      100.000
PREF_L1_TOTAL_DROPPED_mean,         0.34
PREF_L1_TOTAL_DROPPED_stddev,         0.68
PREF_L1_TOTAL_DROPPED_total_mean,         0.18
PREF_L1_TOTAL_DROPPED_total_stddev,         0.53

PREF_MLC_TOTAL_SENT_count,             0
PREF_MLC_TOTAL_SENT_total_count,             0

PREF_MLC_TOTAL_USED_count,           193
PREF_MLC_TOTAL_USED_pct,       72.285
PREF_MLC_TOTAL_USED_total_count,          1132
PREF_MLC_TOTAL_USED_total_pct,       85.758

PREF_MLC_TOTAL_PARTIAL_USED_count,            74
PREF_MLC_TOTAL_PARTIAL_USED_pct,       27.715
PREF_MLC_TOTAL_PARTIAL_USED_total_count,           188
PREF_MLC_TOTAL_PARTIAL_USED_total_pct,       14.242

PREF_MLC_TOTAL_NOT_USED_count,             0
PREF_MLC_TOTAL_NOT_USED_pct,        0.000
PREF_MLC_TOTAL_NOT_USED_total_count,             0
PREF_MLC_TOTAL_NOT_USED_total_pct,        0.000

PREF_MLC_TOTAL_DROPPED_count,             0
PREF_MLC_TOTAL_DROPPED_pct,        0.000
PREF_MLC_TOTAL_DROPPED_total_count,             0
PREF_MLC_TOTAL_DROPPED_total_pct,        0.000
PREF_MLC_TOTAL_DROPPED_sum_count,           267
PREF_MLC_TOTAL_DROPPED_sum_pct,      100.000
PREF_MLC_TOTAL_DROPPED_sum_total_count,          1320
PREF_MLC_TOTAL_DROPPED_sum_total_pct,      100.000
PREF_MLC_TOTAL_DROPPED_mean,         0.28
PREF_MLC_TOTAL_DROPPED_stddev,         0.38
PREF_MLC_TOTAL_DROPPED_total_mean,         0.14
PREF_MLC_TOTAL_DROPPED_total_stddev,         0.32

CORE_MLC_PREF_REQ_MISS_count,             0
CORE_MLC_PREF_REQ_MISS_pct,        0.000
CORE_MLC_PREF_REQ_MISS_total_count,             0
CORE_MLC_PREF_REQ_MISS_total_pct,        0.000

CORE_MLC_DEMAND_MISS_count,         12883
CORE_MLC_DEMAND_MISS_pct,       94.492
CORE_MLC_DEMAND_MISS_total_count,         28361
CORE_MLC_DEMAND_MISS_total_pct,       88.912

CORE_MLC_WB_MISS_count,           751
CORE_MLC_WB_MISS_pct,        5.508
CORE_MLC_WB_MISS_total_count,          3537
CORE_MLC_WB_MISS_total_pct,       11.088
CORE_MLC_WB_MISS_sum_count,         13634
CORE_MLC_WB_MISS_sum_pct,      100.000
CORE_MLC_WB_MISS_sum_total_count,         31898
CORE_MLC_WB_MISS_sum_total_pct,      100.000
CORE_MLC_WB_MISS_mean,         1.06
CORE_MLC_WB_MISS_stddev,         0.34
CORE_MLC_WB_MISS_total_mean,         1.11
CORE_MLC_WB_MISS_total_stddev,         0.49

CORE_MLC_PREF_REQ_HIT_count,             0
CORE_MLC_PREF_REQ_HIT_pct,        0.000
CORE_MLC_PREF_REQ_HIT_total_count,             0
CORE_MLC_PREF_REQ_HIT_total_pct,        0.000

CORE_MLC_DEMAND_HIT_count,         25447
CORE_MLC_DEMAND_HIT_pct,       47.849
CORE_MLC_DEMAND_HIT_total_count,         48154
CORE_MLC_DEMAND_HIT_total_pct,       46.261

CORE_MLC_WB_HIT_count,         27735
CORE_MLC_WB_HIT_pct,       52.151
CORE_MLC_WB_HIT_total_count,         55937
CORE_MLC_WB_HIT_total_pct,       53.739
CORE_MLC_WB_HIT_sum_count,         53182
CORE_MLC_WB_HIT_sum_pct,      100.000
CORE_MLC_WB_HIT_sum_total_count,        104091
CORE_MLC_WB_HIT_sum_total_pct,      100.000
CORE_MLC_WB_HIT_mean,         1.52
CORE_MLC_WB_HIT_stddev,         1.21
CORE_MLC_WB_HIT_total_mean,         1.54
CORE_MLC_WB_HIT_total_stddev,         1.23

CORE_MLC_HIT_count,         25447
CORE_MLC_HIT_pct,       66.389
CORE_MLC_HIT_total_count,         48154
CORE_MLC_HIT_total_pct,       62.934

CORE_MLC_MISS_count,         12883
CORE_MLC_MISS_pct,       33.611
CORE_MLC_MISS_total_count,         28361
CORE_MLC_MISS_total_pct,       37.066
CORE_MLC_MISS_sum_count,         38330
CORE_MLC_MISS_sum_pct,      100.000
CORE_MLC_MISS_sum_total_count,         76515
CORE_MLC_MISS_sum_total_pct,      100.000
CORE_MLC_MISS_mean,         0.34
CORE_MLC_MISS_stddev,         0.43
CORE_MLC_MISS_total_mean,         0.37
CORE_MLC_MISS_total_stddev,         0.44

CORE_MLC_FILL_count,         13644
CORE_MLC_FILL_pct,       99.533
CORE_MLC_FILL_total_count,         31991
CORE_MLC_FILL_total_pct,       99.704

CORE_MLC_WB_FILL_count,            64
CORE_MLC_WB_FILL_pct,        0.467
CORE_MLC_WB_FILL_total_count,            95
CORE_MLC_WB_FILL_total_pct,        0.296
CORE_MLC_WB_FILL_sum_count,         13708
CORE_MLC_WB_FILL_sum_pct,      100.000
CORE_MLC_WB_FILL_sum_total_count,         32086
CORE_MLC_WB_FILL_sum_total_pct,      100.000
CORE_MLC_WB_FILL_mean,         0.00
CORE_MLC_WB_FILL_stddev,         0.07
CORE_MLC_WB_FILL_total_mean,         0.00
CORE_MLC_WB_FILL_total_stddev,         0.05

CORE_MLC_DEMAND_FILL_count,         13570
CORE_MLC_DEMAND_FILL_pct,       99.458
CORE_MLC_DEMAND_FILL_total_count,         31803
CORE_MLC_DEMAND_FILL_total_pct,       99.412

CORE_MLC_PREF_FILL_count,            74
CORE_MLC_PREF_FILL_pct,        0.542
CORE_MLC_PREF_FILL_total_count,           188
CORE_MLC_PREF_FILL_total_pct,        0.588
CORE_MLC_PREF_FILL_sum_count,         13644
CORE_MLC_PREF_FILL_sum_pct,      100.000
CORE_MLC_PREF_FILL_sum_total_count,         31991
CORE_MLC_PREF_FILL_sum_total_pct,      100.000
CORE_MLC_PREF_FILL_mean,         0.01
CORE_MLC_PREF_FILL_stddev,         0.07
CORE_MLC_PREF_FILL_total_mean,         0.01
CORE_MLC_PREF_FILL_total_stddev,         0.08

CORE_MLC_PREF_FILL_USED_count,           193
CORE_MLC_PREF_FILL_USED_pct,       72.285
CORE_MLC_PREF_FILL_USED_total_count,          1132
CORE_MLC_PREF_FILL_USED_total_pct,       85.758

CORE_MLC_PREF_FILL_PARTIAL_USED_count,            74
CORE_MLC_PREF_FILL_PARTIAL_USED_pct,       27.715
CORE_MLC_PREF_FILL_PARTIAL_USED_total_count,           188
CORE_MLC_PREF_FILL_PARTIAL_USED_total_pct,       14.242

CORE_MLC_PREF_FILL_NOT_USED_count,             0
CORE_MLC_PREF_FILL_NOT_USED_pct,        0.000
CORE_MLC_PREF_FILL_NOT_USED_total_count,             0
CORE_MLC_PREF_FILL_NOT_USED_total_pct,        0.000
CORE_MLC_PREF_FILL_NOT_USED_sum_count,           267
CORE_MLC_PREF_FILL_NOT_USED_sum_pct,      100.000
CORE_MLC_PREF_FILL_NOT_USED_sum_total_count,          1320
CORE_MLC_PREF_FILL_NOT_USED_sum_total_pct,      100.000
CORE_MLC_PREF_FILL_NOT_USED_mean,         0.28
CORE_MLC_PREF_FILL_NOT_USED_stddev,         0.38
CORE_MLC_PREF_FILL_NOT_USED_total_mean,         0.14
CORE_MLC_PREF_FILL_NOT_USED_total_stddev,         0.32

CORE_L1_PREF_REQ_MISS_count,          5795
CORE_L1_PREF_REQ_MISS_pct,       44.587
CORE_L1_PREF_REQ_MISS_total_count,         13083
CORE_L1_PREF_REQ_MISS_total_pct,       40.381

CORE_L1_DEMAND_MISS_count,          7028
CORE_L1_DEMAND_MISS_pct,       54.074
CORE_L1_DEMAND_MISS_total_count,         16659
CORE_L1_DEMAND_MISS_total_pct,       51.418

CORE_L1_WB_MISS_count,           174
CORE_L1_WB_MISS_pct,        1.339
CORE_L1_WB_MISS_total_count,          2657
CORE_L1_WB_MISS_total_pct,        8.201
CORE_L1_WB_MISS_sum_count,         12997
CORE_L1_WB_MISS_sum_pct,      100.000
CORE_L1_WB_MISS_sum_total_count,         32399
CORE_L1_WB_MISS_sum_total_pct,      100.000
CORE_L1_WB_MISS_mean,         0.57
CORE_L1_WB_MISS_stddev,         0.36
CORE_L1_WB_MISS_total_mean,         0.68
CORE_L1_WB_MISS_total_stddev,         0.48

CORE_L1_PREF_REQ_HIT_count,          2530
CORE_L1_PREF_REQ_HIT_pct,       15.537
CORE_L1_PREF_REQ_HIT_total_count,          5216
CORE_L1_PREF_REQ_HIT_total_pct,       17.070

CORE_L1_DEMAND_HIT_count,          5972
CORE_L1_DEMAND_HIT_pct,       36.674
CORE_L1_DEMAND_HIT_total_count,         11883
CORE_L1_DEMAND_HIT_total_pct,       38.889

CORE_L1_WB_HIT_count,          7782
CORE_L1_WB_HIT_pct,       47.789
CORE_L1_WB_HIT_total_count,         13457
CORE_L1_WB_HIT_total_pct,       44.040
CORE_L1_WB_HIT_sum_count,         16284
CORE_L1_WB_HIT_sum_pct,      100.000
CORE_L1_WB_HIT_sum_total_count,         30556
CORE_L1_WB_HIT_sum_total_pct,      100.000
CORE_L1_WB_HIT_mean,         1.32
CORE_L1_WB_HIT_stddev,         1.05
CORE_L1_WB_HIT_total_mean,         1.27
CORE_L1_WB_HIT_total_stddev,         0.99

CORE_L1_HIT_count,          5974
CORE_L1_HIT_pct,       45.837
CORE_L1_HIT_total_count,         11888
CORE_L1_HIT_total_pct,       41.552

CORE_L1_MISS_count,          7059
CORE_L1_MISS_pct,       54.163
CORE_L1_MISS_total_count,         16722
CORE_L1_MISS_total_pct,       58.448
CORE_L1_MISS_sum_count,         13033
CORE_L1_MISS_sum_pct,      100.000
CORE_L1_MISS_sum_total_count,         28610
CORE_L1_MISS_sum_total_pct,      100.000
CORE_L1_MISS_mean,         0.54
CORE_L1_MISS_stddev,         0.52
CORE_L1_MISS_total_mean,         0.58
CORE_L1_MISS_total_stddev,         0.55

CORE_L1_FILL_count,         12985
CORE_L1_FILL_pct,       99.908
CORE_L1_FILL_total_count,         32387
CORE_L1_FILL_total_pct,       99.963

CORE_L1_WB_FILL_count,            12
CORE_L1_WB_FILL_pct,        0.092
CORE_L1_WB_FILL_total_count,            12
CORE_L1_WB_FILL_total_pct,        0.037
CORE_L1_WB_FILL_sum_count,         12997
CORE_L1_WB_FILL_sum_pct,      100.000
CORE_L1_WB_FILL_sum_total_count,         32399
CORE_L1_WB_FILL_sum_total_pct,      100.000
CORE_L1_WB_FILL_mean,         0.00
CORE_L1_WB_FILL_stddev,         0.03
CORE_L1_WB_FILL_total_mean,         0.00
CORE_L1_WB_FILL_total_stddev,         0.02

CORE_L1_DEMAND_FILL_count,          7190
CORE_L1_DEMAND_FILL_pct,       55.372
CORE_L1_DEMAND_FILL_total_count,         19304
CORE_L1_DEMAND_FILL_total_pct,       59.604

CORE_L1_PREF_FILL_count,          5795
CORE_L1_PREF_FILL_pct,       44.628
CORE_L1_PREF_FILL_total_count,         13083
CORE_L1_PREF_FILL_total_pct,       40.396
CORE_L1_PREF_FILL_sum_count,         12985
CORE_L1_PREF_FILL_sum_pct,      100.000
CORE_L1_PREF_FILL_sum_total_count,         32387
CORE_L1_PREF_FILL_sum_total_pct,      100.000
CORE_L1_PREF_FILL_mean,         0.45
CORE_L1_PREF_FILL_stddev,         0.48
CORE_L1_PREF_FILL_total_mean,         0.40
CORE_L1_PREF_FILL_total_stddev,         0.46

CORE_L1_PREF_FILL_USED_count,          4769
CORE_L1_PREF_FILL_USED_pct,       82.295
CORE_L1_PREF_FILL_USED_total_count,         10344
CORE_L1_PREF_FILL_USED_total_pct,       90.097

CORE_L1_PREF_FILL_PARTIAL_USED_count,            72
CORE_L1_PREF_FILL_PARTIAL_USED_pct,        1.242
CORE_L1_PREF_FILL_PARTIAL_USED_total_count,           183
CORE_L1_PREF_FILL_PARTIAL_USED_total_pct,        1.594

CORE_L1_PREF_FILL_NOT_USED_count,           954
CORE_L1_PREF_FILL_NOT_USED_pct,       16.462
CORE_L1_PREF_FILL_NOT_USED_total_count,           954
CORE_L1_PREF_FILL_NOT_USED_total_pct,        8.309
CORE_L1_PREF_FILL_NOT_USED_sum_count,          5795
CORE_L1_PREF_FILL_NOT_USED_sum_pct,      100.000
CORE_L1_PREF_FILL_NOT_USED_sum_total_count,         11481
CORE_L1_PREF_FILL_NOT_USED_sum_total_pct,      100.000
CORE_L1_PREF_FILL_NOT_USED_mean,         0.34
CORE_L1_PREF_FILL_NOT_USED_stddev,         0.69
CORE_L1_PREF_FILL_NOT_USED_total_mean,         0.18
CORE_L1_PREF_FILL_NOT_USED_total_stddev,         0.54

CORE_L1_DEMAND_USED_POS0_count,             0
CORE_L1_DEMAND_USED_POS0_pct,         -nan
CORE_L1_DEMAND_USED_POS0_total_count,             0
CORE_L1_DEMAND_USED_POS0_total_pct,         -nan

CORE_L1_DEMAND_USED_POS1_count,             0
CORE_L1_DEMAND_USED_POS1_pct,         -nan
CORE_L1_DEMAND_USED_POS1_total_count,             0
CORE_L1_DEMAND_USED_POS1_total_pct,         -nan

CORE_L1_DEMAND_USED_POS2_count,             0
CORE_L1_DEMAND_USED_POS2_pct,         -nan
CORE_L1_DEMAND_USED_POS2_total_count,             0
CORE_L1_DEMAND_USED_POS2_total_pct,         -nan

CORE_L1_DEMAND_USED_POS3_count,             0
CORE_L1_DEMAND_USED_POS3_pct,         -nan
CORE_L1_DEMAND_USED_POS3_total_count,             0
CORE_L1_DEMAND_USED_POS3_total_pct,         -nan

CORE_L1_DEMAND_USED_POS4_count,             0
CORE_L1_DEMAND_USED_POS4_pct,         -nan
CORE_L1_DEMAND_USED_POS4_total_count,             0
CORE_L1_DEMAND_USED_POS4_total_pct,         -nan

CORE_L1_DEMAND_USED_POS5_count,             0
CORE_L1_DEMAND_USED_POS5_pct,         -nan
CORE_L1_DEMAND_USED_POS5_total_count,             0
CORE_L1_DEMAND_USED_POS5_total_pct,         -nan

CORE_L1_DEMAND_USED_POS6_count,             0
CORE_L1_DEMAND_USED_POS6_pct,         -nan
CORE_L1_DEMAND_USED_POS6_total_count,             0
CORE_L1_DEMAND_USED_POS6_total_pct,         -nan

CORE_L1_DEMAND_USED_POS7_count,             0
CORE_L1_DEMAND_USED_POS7_pct,         -nan
CORE_L1_DEMAND_USED_POS7_total_count,             0
CORE_L1_DEMAND_USED_POS7_total_pct,         -nan

CORE_L1_DEMAND_USED_POS8_count,             0
CORE_L1_DEMAND_USED_POS8_pct,         -nan
CORE_L1_DEMAND_USED_POS8_total_count,             0
CORE_L1_DEMAND_USED_POS8_total_pct,         -nan

CORE_L1_DEMAND_USED_POS9_count,             0
CORE_L1_DEMAND_USED_POS9_pct,         -nan
CORE_L1_DEMAND_USED_POS9_total_count,             0
CORE_L1_DEMAND_USED_POS9_total_pct,         -nan

CORE_L1_DEMAND_USED_POS10_count,             0
CORE_L1_DEMAND_USED_POS10_pct,         -nan
CORE_L1_DEMAND_USED_POS10_total_count,             0
CORE_L1_DEMAND_USED_POS10_total_pct,         -nan

CORE_L1_DEMAND_USED_POS11_count,             0
CORE_L1_DEMAND_USED_POS11_pct,         -nan
CORE_L1_DEMAND_USED_POS11_total_count,             0
CORE_L1_DEMAND_USED_POS11_total_pct,         -nan

CORE_L1_DEMAND_USED_POS12_count,             0
CORE_L1_DEMAND_USED_POS12_pct,         -nan
CORE_L1_DEMAND_USED_POS12_total_count,             0
CORE_L1_DEMAND_USED_POS12_total_pct,         -nan

CORE_L1_DEMAND_USED_POS13_count,             0
CORE_L1_DEMAND_USED_POS13_pct,         -nan
CORE_L1_DEMAND_USED_POS13_total_count,             0
CORE_L1_DEMAND_USED_POS13_total_pct,         -nan

CORE_L1_DEMAND_USED_POS14_count,             0
CORE_L1_DEMAND_USED_POS14_pct,         -nan
CORE_L1_DEMAND_USED_POS14_total_count,             0
CORE_L1_DEMAND_USED_POS14_total_pct,         -nan

CORE_L1_DEMAND_USED_POS15_count,             0
CORE_L1_DEMAND_USED_POS15_pct,         -nan
CORE_L1_DEMAND_USED_POS15_total_count,             0
CORE_L1_DEMAND_USED_POS15_total_pct,         -nan

CORE_L1_DEMAND_USED_POS16_count,             0
CORE_L1_DEMAND_USED_POS16_pct,         -nan
CORE_L1_DEMAND_USED_POS16_total_count,             0
CORE_L1_DEMAND_USED_POS16_total_pct,         -nan

CORE_L1_DEMAND_USED_POS17_count,             0
CORE_L1_DEMAND_USED_POS17_pct,         -nan
CORE_L1_DEMAND_USED_POS17_total_count,             0
CORE_L1_DEMAND_USED_POS17_total_pct,         -nan

CORE_L1_DEMAND_USED_POS18_count,             0
CORE_L1_DEMAND_USED_POS18_pct,         -nan
CORE_L1_DEMAND_USED_POS18_total_count,             0
CORE_L1_DEMAND_USED_POS18_total_pct,         -nan

CORE_L1_DEMAND_USED_POS19_count,             0
CORE_L1_DEMAND_USED_POS19_pct,         -nan
CORE_L1_DEMAND_USED_POS19_total_count,             0
CORE_L1_DEMAND_USED_POS19_total_pct,         -nan

CORE_L1_DEMAND_USED_POS20_count,             0
CORE_L1_DEMAND_USED_POS20_pct,         -nan
CORE_L1_DEMAND_USED_POS20_total_count,             0
CORE_L1_DEMAND_USED_POS20_total_pct,         -nan

CORE_L1_DEMAND_USED_POS21_count,             0
CORE_L1_DEMAND_USED_POS21_pct,         -nan
CORE_L1_DEMAND_USED_POS21_total_count,             0
CORE_L1_DEMAND_USED_POS21_total_pct,         -nan

CORE_L1_DEMAND_USED_POS22_count,             0
CORE_L1_DEMAND_USED_POS22_pct,         -nan
CORE_L1_DEMAND_USED_POS22_total_count,             0
CORE_L1_DEMAND_USED_POS22_total_pct,         -nan

CORE_L1_DEMAND_USED_POS23_count,             0
CORE_L1_DEMAND_USED_POS23_pct,         -nan
CORE_L1_DEMAND_USED_POS23_total_count,             0
CORE_L1_DEMAND_USED_POS23_total_pct,         -nan

CORE_L1_DEMAND_USED_POS24_count,             0
CORE_L1_DEMAND_USED_POS24_pct,         -nan
CORE_L1_DEMAND_USED_POS24_total_count,             0
CORE_L1_DEMAND_USED_POS24_total_pct,         -nan

CORE_L1_DEMAND_USED_POS25_count,             0
CORE_L1_DEMAND_USED_POS25_pct,         -nan
CORE_L1_DEMAND_USED_POS25_total_count,             0
CORE_L1_DEMAND_USED_POS25_total_pct,         -nan

CORE_L1_DEMAND_USED_POS26_count,             0
CORE_L1_DEMAND_USED_POS26_pct,         -nan
CORE_L1_DEMAND_USED_POS26_total_count,             0
CORE_L1_DEMAND_USED_POS26_total_pct,         -nan

CORE_L1_DEMAND_USED_POS27_count,             0
CORE_L1_DEMAND_USED_POS27_pct,         -nan
CORE_L1_DEMAND_USED_POS27_total_count,             0
CORE_L1_DEMAND_USED_POS27_total_pct,         -nan

CORE_L1_DEMAND_USED_POS28_count,             0
CORE_L1_DEMAND_USED_POS28_pct,         -nan
CORE_L1_DEMAND_USED_POS28_total_count,             0
CORE_L1_DEMAND_USED_POS28_total_pct,         -nan

CORE_L1_DEMAND_USED_POS29_count,             0
CORE_L1_DEMAND_USED_POS29_pct,         -nan
CORE_L1_DEMAND_USED_POS29_total_count,             0
CORE_L1_DEMAND_USED_POS29_total_pct,         -nan

CORE_L1_DEMAND_USED_POS30_count,             0
CORE_L1_DEMAND_USED_POS30_pct,         -nan
CORE_L1_DEMAND_USED_POS30_total_count,             0
CORE_L1_DEMAND_USED_POS30_total_pct,         -nan

CORE_L1_DEMAND_USED_POS31_count,             0
CORE_L1_DEMAND_USED_POS31_pct,         -nan
CORE_L1_DEMAND_USED_POS31_total_count,             0
CORE_L1_DEMAND_USED_POS31_total_pct,         -nan

CORE_L1_DEMAND_USED_POS32_count,             0
CORE_L1_DEMAND_USED_POS32_pct,         -nan
CORE_L1_DEMAND_USED_POS32_total_count,             0
CORE_L1_DEMAND_USED_POS32_total_pct,         -nan

CORE_L1_DEMAND_USED_POS33_count,             0
CORE_L1_DEMAND_USED_POS33_pct,         -nan
CORE_L1_DEMAND_USED_POS33_total_count,             0
CORE_L1_DEMAND_USED_POS33_total_pct,         -nan

CORE_L1_DEMAND_USED_POS34_count,             0
CORE_L1_DEMAND_USED_POS34_pct,         -nan
CORE_L1_DEMAND_USED_POS34_total_count,             0
CORE_L1_DEMAND_USED_POS34_total_pct,         -nan

CORE_L1_DEMAND_USED_POS35_count,             0
CORE_L1_DEMAND_USED_POS35_pct,         -nan
CORE_L1_DEMAND_USED_POS35_total_count,             0
CORE_L1_DEMAND_USED_POS35_total_pct,         -nan

CORE_L1_DEMAND_USED_POS36_count,             0
CORE_L1_DEMAND_USED_POS36_pct,         -nan
CORE_L1_DEMAND_USED_POS36_total_count,             0
CORE_L1_DEMAND_USED_POS36_total_pct,         -nan

CORE_L1_DEMAND_USED_POS37_count,             0
CORE_L1_DEMAND_USED_POS37_pct,         -nan
CORE_L1_DEMAND_USED_POS37_total_count,             0
CORE_L1_DEMAND_USED_POS37_total_pct,         -nan

CORE_L1_DEMAND_USED_POS38_count,             0
CORE_L1_DEMAND_USED_POS38_pct,         -nan
CORE_L1_DEMAND_USED_POS38_total_count,             0
CORE_L1_DEMAND_USED_POS38_total_pct,         -nan

CORE_L1_DEMAND_USED_POS39_count,             0
CORE_L1_DEMAND_USED_POS39_pct,         -nan
CORE_L1_DEMAND_USED_POS39_total_count,             0
CORE_L1_DEMAND_USED_POS39_total_pct,         -nan

CORE_L1_DEMAND_USED_POS40_count,             0
CORE_L1_DEMAND_USED_POS40_pct,         -nan
CORE_L1_DEMAND_USED_POS40_total_count,             0
CORE_L1_DEMAND_USED_POS40_total_pct,         -nan

CORE_L1_DEMAND_USED_POS41_count,             0
CORE_L1_DEMAND_USED_POS41_pct,         -nan
CORE_L1_DEMAND_USED_POS41_total_count,             0
CORE_L1_DEMAND_USED_POS41_total_pct,         -nan

CORE_L1_DEMAND_USED_POS42_count,             0
CORE_L1_DEMAND_USED_POS42_pct,         -nan
CORE_L1_DEMAND_USED_POS42_total_count,             0
CORE_L1_DEMAND_USED_POS42_total_pct,         -nan

CORE_L1_DEMAND_USED_POS43_count,             0
CORE_L1_DEMAND_USED_POS43_pct,         -nan
CORE_L1_DEMAND_USED_POS43_total_count,             0
CORE_L1_DEMAND_USED_POS43_total_pct,         -nan

CORE_L1_DEMAND_USED_POS44_count,             0
CORE_L1_DEMAND_USED_POS44_pct,         -nan
CORE_L1_DEMAND_USED_POS44_total_count,             0
CORE_L1_DEMAND_USED_POS44_total_pct,         -nan

CORE_L1_DEMAND_USED_POS45_count,             0
CORE_L1_DEMAND_USED_POS45_pct,         -nan
CORE_L1_DEMAND_USED_POS45_total_count,             0
CORE_L1_DEMAND_USED_POS45_total_pct,         -nan

CORE_L1_DEMAND_USED_POS46_count,             0
CORE_L1_DEMAND_USED_POS46_pct,         -nan
CORE_L1_DEMAND_USED_POS46_total_count,             0
CORE_L1_DEMAND_USED_POS46_total_pct,         -nan

CORE_L1_DEMAND_USED_POS47_count,             0
CORE_L1_DEMAND_USED_POS47_pct,         -nan
CORE_L1_DEMAND_USED_POS47_total_count,             0
CORE_L1_DEMAND_USED_POS47_total_pct,         -nan

CORE_L1_DEMAND_USED_POS48_count,             0
CORE_L1_DEMAND_USED_POS48_pct,         -nan
CORE_L1_DEMAND_USED_POS48_total_count,             0
CORE_L1_DEMAND_USED_POS48_total_pct,         -nan

CORE_L1_DEMAND_USED_POS49_count,             0
CORE_L1_DEMAND_USED_POS49_pct,         -nan
CORE_L1_DEMAND_USED_POS49_total_count,             0
CORE_L1_DEMAND_USED_POS49_total_pct,         -nan

CORE_L1_DEMAND_USED_POS50_count,             0
CORE_L1_DEMAND_USED_POS50_pct,         -nan
CORE_L1_DEMAND_USED_POS50_total_count,             0
CORE_L1_DEMAND_USED_POS50_total_pct,         -nan

CORE_L1_DEMAND_USED_POS51_count,             0
CORE_L1_DEMAND_USED_POS51_pct,         -nan
CORE_L1_DEMAND_USED_POS51_total_count,             0
CORE_L1_DEMAND_USED_POS51_total_pct,         -nan

CORE_L1_DEMAND_USED_POS52_count,             0
CORE_L1_DEMAND_USED_POS52_pct,         -nan
CORE_L1_DEMAND_USED_POS52_total_count,             0
CORE_L1_DEMAND_USED_POS52_total_pct,         -nan

CORE_L1_DEMAND_USED_POS53_count,             0
CORE_L1_DEMAND_USED_POS53_pct,         -nan
CORE_L1_DEMAND_USED_POS53_total_count,             0
CORE_L1_DEMAND_USED_POS53_total_pct,         -nan

CORE_L1_DEMAND_USED_POS54_count,             0
CORE_L1_DEMAND_USED_POS54_pct,         -nan
CORE_L1_DEMAND_USED_POS54_total_count,             0
CORE_L1_DEMAND_USED_POS54_total_pct,         -nan

CORE_L1_DEMAND_USED_POS55_count,             0
CORE_L1_DEMAND_USED_POS55_pct,         -nan
CORE_L1_DEMAND_USED_POS55_total_count,             0
CORE_L1_DEMAND_USED_POS55_total_pct,         -nan

CORE_L1_DEMAND_USED_POS56_count,             0
CORE_L1_DEMAND_USED_POS56_pct,         -nan
CORE_L1_DEMAND_USED_POS56_total_count,             0
CORE_L1_DEMAND_USED_POS56_total_pct,         -nan

CORE_L1_DEMAND_USED_POS57_count,             0
CORE_L1_DEMAND_USED_POS57_pct,         -nan
CORE_L1_DEMAND_USED_POS57_total_count,             0
CORE_L1_DEMAND_USED_POS57_total_pct,         -nan

CORE_L1_DEMAND_USED_POS58_count,             0
CORE_L1_DEMAND_USED_POS58_pct,         -nan
CORE_L1_DEMAND_USED_POS58_total_count,             0
CORE_L1_DEMAND_USED_POS58_total_pct,         -nan

CORE_L1_DEMAND_USED_POS59_count,             0
CORE_L1_DEMAND_USED_POS59_pct,         -nan
CORE_L1_DEMAND_USED_POS59_total_count,             0
CORE_L1_DEMAND_USED_POS59_total_pct,         -nan

CORE_L1_DEMAND_USED_POS60_count,             0
CORE_L1_DEMAND_USED_POS60_pct,         -nan
CORE_L1_DEMAND_USED_POS60_total_count,             0
CORE_L1_DEMAND_USED_POS60_total_pct,         -nan

CORE_L1_DEMAND_USED_POS61_count,             0
CORE_L1_DEMAND_USED_POS61_pct,         -nan
CORE_L1_DEMAND_USED_POS61_total_count,             0
CORE_L1_DEMAND_USED_POS61_total_pct,         -nan

CORE_L1_DEMAND_USED_POS62_count,             0
CORE_L1_DEMAND_USED_POS62_pct,         -nan
CORE_L1_DEMAND_USED_POS62_total_count,             0
CORE_L1_DEMAND_USED_POS62_total_pct,         -nan

CORE_L1_DEMAND_USED_POS63_count,             0
CORE_L1_DEMAND_USED_POS63_pct,         -nan
CORE_L1_DEMAND_USED_POS63_total_count,             0
CORE_L1_DEMAND_USED_POS63_total_pct,         -nan

CORE_L1_DEMAND_USED_POS64_count,             0
CORE_L1_DEMAND_USED_POS64_pct,         -nan
CORE_L1_DEMAND_USED_POS64_total_count,             0
CORE_L1_DEMAND_USED_POS64_total_pct,         -nan

CORE_L1_DEMAND_USED_POS65_count,             0
CORE_L1_DEMAND_USED_POS65_pct,         -nan
CORE_L1_DEMAND_USED_POS65_total_count,             0
CORE_L1_DEMAND_USED_POS65_total_pct,         -nan

CORE_L1_DEMAND_USED_POS66_count,             0
CORE_L1_DEMAND_USED_POS66_pct,         -nan
CORE_L1_DEMAND_USED_POS66_total_count,             0
CORE_L1_DEMAND_USED_POS66_total_pct,         -nan

CORE_L1_DEMAND_USED_POS67_count,             0
CORE_L1_DEMAND_USED_POS67_pct,         -nan
CORE_L1_DEMAND_USED_POS67_total_count,             0
CORE_L1_DEMAND_USED_POS67_total_pct,         -nan

CORE_L1_DEMAND_USED_POS68_count,             0
CORE_L1_DEMAND_USED_POS68_pct,         -nan
CORE_L1_DEMAND_USED_POS68_total_count,             0
CORE_L1_DEMAND_USED_POS68_total_pct,         -nan

CORE_L1_DEMAND_USED_POS69_count,             0
CORE_L1_DEMAND_USED_POS69_pct,         -nan
CORE_L1_DEMAND_USED_POS69_total_count,             0
CORE_L1_DEMAND_USED_POS69_total_pct,         -nan

CORE_L1_DEMAND_USED_POS70_count,             0
CORE_L1_DEMAND_USED_POS70_pct,         -nan
CORE_L1_DEMAND_USED_POS70_total_count,             0
CORE_L1_DEMAND_USED_POS70_total_pct,         -nan

CORE_L1_DEMAND_USED_POS71_count,             0
CORE_L1_DEMAND_USED_POS71_pct,         -nan
CORE_L1_DEMAND_USED_POS71_total_count,             0
CORE_L1_DEMAND_USED_POS71_total_pct,         -nan

CORE_L1_DEMAND_USED_POS72_count,             0
CORE_L1_DEMAND_USED_POS72_pct,         -nan
CORE_L1_DEMAND_USED_POS72_total_count,             0
CORE_L1_DEMAND_USED_POS72_total_pct,         -nan

CORE_L1_DEMAND_USED_POS73_count,             0
CORE_L1_DEMAND_USED_POS73_pct,         -nan
CORE_L1_DEMAND_USED_POS73_total_count,             0
CORE_L1_DEMAND_USED_POS73_total_pct,         -nan

CORE_L1_DEMAND_USED_POS74_count,             0
CORE_L1_DEMAND_USED_POS74_pct,         -nan
CORE_L1_DEMAND_USED_POS74_total_count,             0
CORE_L1_DEMAND_USED_POS74_total_pct,         -nan

CORE_L1_DEMAND_USED_POS75_count,             0
CORE_L1_DEMAND_USED_POS75_pct,         -nan
CORE_L1_DEMAND_USED_POS75_total_count,             0
CORE_L1_DEMAND_USED_POS75_total_pct,         -nan

CORE_L1_DEMAND_USED_POS76_count,             0
CORE_L1_DEMAND_USED_POS76_pct,         -nan
CORE_L1_DEMAND_USED_POS76_total_count,             0
CORE_L1_DEMAND_USED_POS76_total_pct,         -nan

CORE_L1_DEMAND_USED_POS77_count,             0
CORE_L1_DEMAND_USED_POS77_pct,         -nan
CORE_L1_DEMAND_USED_POS77_total_count,             0
CORE_L1_DEMAND_USED_POS77_total_pct,         -nan

CORE_L1_DEMAND_USED_POS78_count,             0
CORE_L1_DEMAND_USED_POS78_pct,         -nan
CORE_L1_DEMAND_USED_POS78_total_count,             0
CORE_L1_DEMAND_USED_POS78_total_pct,         -nan

CORE_L1_DEMAND_USED_POS79_count,             0
CORE_L1_DEMAND_USED_POS79_pct,         -nan
CORE_L1_DEMAND_USED_POS79_total_count,             0
CORE_L1_DEMAND_USED_POS79_total_pct,         -nan

CORE_L1_DEMAND_USED_POS80_count,             0
CORE_L1_DEMAND_USED_POS80_pct,         -nan
CORE_L1_DEMAND_USED_POS80_total_count,             0
CORE_L1_DEMAND_USED_POS80_total_pct,         -nan

CORE_L1_DEMAND_USED_POS81_count,             0
CORE_L1_DEMAND_USED_POS81_pct,         -nan
CORE_L1_DEMAND_USED_POS81_total_count,             0
CORE_L1_DEMAND_USED_POS81_total_pct,         -nan

CORE_L1_DEMAND_USED_POS82_count,             0
CORE_L1_DEMAND_USED_POS82_pct,         -nan
CORE_L1_DEMAND_USED_POS82_total_count,             0
CORE_L1_DEMAND_USED_POS82_total_pct,         -nan

CORE_L1_DEMAND_USED_POS83_count,             0
CORE_L1_DEMAND_USED_POS83_pct,         -nan
CORE_L1_DEMAND_USED_POS83_total_count,             0
CORE_L1_DEMAND_USED_POS83_total_pct,         -nan

CORE_L1_DEMAND_USED_POS84_count,             0
CORE_L1_DEMAND_USED_POS84_pct,         -nan
CORE_L1_DEMAND_USED_POS84_total_count,             0
CORE_L1_DEMAND_USED_POS84_total_pct,         -nan

CORE_L1_DEMAND_USED_POS85_count,             0
CORE_L1_DEMAND_USED_POS85_pct,         -nan
CORE_L1_DEMAND_USED_POS85_total_count,             0
CORE_L1_DEMAND_USED_POS85_total_pct,         -nan

CORE_L1_DEMAND_USED_POS86_count,             0
CORE_L1_DEMAND_USED_POS86_pct,         -nan
CORE_L1_DEMAND_USED_POS86_total_count,             0
CORE_L1_DEMAND_USED_POS86_total_pct,         -nan

CORE_L1_DEMAND_USED_POS87_count,             0
CORE_L1_DEMAND_USED_POS87_pct,         -nan
CORE_L1_DEMAND_USED_POS87_total_count,             0
CORE_L1_DEMAND_USED_POS87_total_pct,         -nan

CORE_L1_DEMAND_USED_POS88_count,             0
CORE_L1_DEMAND_USED_POS88_pct,         -nan
CORE_L1_DEMAND_USED_POS88_total_count,             0
CORE_L1_DEMAND_USED_POS88_total_pct,         -nan

CORE_L1_DEMAND_USED_POS89_count,             0
CORE_L1_DEMAND_USED_POS89_pct,         -nan
CORE_L1_DEMAND_USED_POS89_total_count,             0
CORE_L1_DEMAND_USED_POS89_total_pct,         -nan

CORE_L1_DEMAND_USED_POS90_count,             0
CORE_L1_DEMAND_USED_POS90_pct,         -nan
CORE_L1_DEMAND_USED_POS90_total_count,             0
CORE_L1_DEMAND_USED_POS90_total_pct,         -nan

CORE_L1_DEMAND_USED_POS91_count,             0
CORE_L1_DEMAND_USED_POS91_pct,         -nan
CORE_L1_DEMAND_USED_POS91_total_count,             0
CORE_L1_DEMAND_USED_POS91_total_pct,         -nan

CORE_L1_DEMAND_USED_POS92_count,             0
CORE_L1_DEMAND_USED_POS92_pct,         -nan
CORE_L1_DEMAND_USED_POS92_total_count,             0
CORE_L1_DEMAND_USED_POS92_total_pct,         -nan

CORE_L1_DEMAND_USED_POS93_count,             0
CORE_L1_DEMAND_USED_POS93_pct,         -nan
CORE_L1_DEMAND_USED_POS93_total_count,             0
CORE_L1_DEMAND_USED_POS93_total_pct,         -nan

CORE_L1_DEMAND_USED_POS94_count,             0
CORE_L1_DEMAND_USED_POS94_pct,         -nan
CORE_L1_DEMAND_USED_POS94_total_count,             0
CORE_L1_DEMAND_USED_POS94_total_pct,         -nan

CORE_L1_DEMAND_USED_POS95_count,             0
CORE_L1_DEMAND_USED_POS95_pct,         -nan
CORE_L1_DEMAND_USED_POS95_total_count,             0
CORE_L1_DEMAND_USED_POS95_total_pct,         -nan

CORE_L1_DEMAND_USED_POS96_count,             0
CORE_L1_DEMAND_USED_POS96_pct,         -nan
CORE_L1_DEMAND_USED_POS96_total_count,             0
CORE_L1_DEMAND_USED_POS96_total_pct,         -nan

CORE_L1_DEMAND_USED_POS97_count,             0
CORE_L1_DEMAND_USED_POS97_pct,         -nan
CORE_L1_DEMAND_USED_POS97_total_count,             0
CORE_L1_DEMAND_USED_POS97_total_pct,         -nan

CORE_L1_DEMAND_USED_POS98_count,             0
CORE_L1_DEMAND_USED_POS98_pct,         -nan
CORE_L1_DEMAND_USED_POS98_total_count,             0
CORE_L1_DEMAND_USED_POS98_total_pct,         -nan

CORE_L1_DEMAND_USED_POS99_count,             0
CORE_L1_DEMAND_USED_POS99_pct,         -nan
CORE_L1_DEMAND_USED_POS99_total_count,             0
CORE_L1_DEMAND_USED_POS99_total_pct,         -nan

CORE_L1_DEMAND_USED_POS100_count,             0
CORE_L1_DEMAND_USED_POS100_pct,         -nan
CORE_L1_DEMAND_USED_POS100_total_count,             0
CORE_L1_DEMAND_USED_POS100_total_pct,         -nan

CORE_L1_DEMAND_USED_POS101_count,             0
CORE_L1_DEMAND_USED_POS101_pct,         -nan
CORE_L1_DEMAND_USED_POS101_total_count,             0
CORE_L1_DEMAND_USED_POS101_total_pct,         -nan

CORE_L1_DEMAND_USED_POS102_count,             0
CORE_L1_DEMAND_USED_POS102_pct,         -nan
CORE_L1_DEMAND_USED_POS102_total_count,             0
CORE_L1_DEMAND_USED_POS102_total_pct,         -nan

CORE_L1_DEMAND_USED_POS103_count,             0
CORE_L1_DEMAND_USED_POS103_pct,         -nan
CORE_L1_DEMAND_USED_POS103_total_count,             0
CORE_L1_DEMAND_USED_POS103_total_pct,         -nan

CORE_L1_DEMAND_USED_POS104_count,             0
CORE_L1_DEMAND_USED_POS104_pct,         -nan
CORE_L1_DEMAND_USED_POS104_total_count,             0
CORE_L1_DEMAND_USED_POS104_total_pct,         -nan

CORE_L1_DEMAND_USED_POS105_count,             0
CORE_L1_DEMAND_USED_POS105_pct,         -nan
CORE_L1_DEMAND_USED_POS105_total_count,             0
CORE_L1_DEMAND_USED_POS105_total_pct,         -nan

CORE_L1_DEMAND_USED_POS106_count,             0
CORE_L1_DEMAND_USED_POS106_pct,         -nan
CORE_L1_DEMAND_USED_POS106_total_count,             0
CORE_L1_DEMAND_USED_POS106_total_pct,         -nan

CORE_L1_DEMAND_USED_POS107_count,             0
CORE_L1_DEMAND_USED_POS107_pct,         -nan
CORE_L1_DEMAND_USED_POS107_total_count,             0
CORE_L1_DEMAND_USED_POS107_total_pct,         -nan

CORE_L1_DEMAND_USED_POS108_count,             0
CORE_L1_DEMAND_USED_POS108_pct,         -nan
CORE_L1_DEMAND_USED_POS108_total_count,             0
CORE_L1_DEMAND_USED_POS108_total_pct,         -nan

CORE_L1_DEMAND_USED_POS109_count,             0
CORE_L1_DEMAND_USED_POS109_pct,         -nan
CORE_L1_DEMAND_USED_POS109_total_count,             0
CORE_L1_DEMAND_USED_POS109_total_pct,         -nan

CORE_L1_DEMAND_USED_POS110_count,             0
CORE_L1_DEMAND_USED_POS110_pct,         -nan
CORE_L1_DEMAND_USED_POS110_total_count,             0
CORE_L1_DEMAND_USED_POS110_total_pct,         -nan

CORE_L1_DEMAND_USED_POS111_count,             0
CORE_L1_DEMAND_USED_POS111_pct,         -nan
CORE_L1_DEMAND_USED_POS111_total_count,             0
CORE_L1_DEMAND_USED_POS111_total_pct,         -nan

CORE_L1_DEMAND_USED_POS112_count,             0
CORE_L1_DEMAND_USED_POS112_pct,         -nan
CORE_L1_DEMAND_USED_POS112_total_count,             0
CORE_L1_DEMAND_USED_POS112_total_pct,         -nan

CORE_L1_DEMAND_USED_POS113_count,             0
CORE_L1_DEMAND_USED_POS113_pct,         -nan
CORE_L1_DEMAND_USED_POS113_total_count,             0
CORE_L1_DEMAND_USED_POS113_total_pct,         -nan

CORE_L1_DEMAND_USED_POS114_count,             0
CORE_L1_DEMAND_USED_POS114_pct,         -nan
CORE_L1_DEMAND_USED_POS114_total_count,             0
CORE_L1_DEMAND_USED_POS114_total_pct,         -nan

CORE_L1_DEMAND_USED_POS115_count,             0
CORE_L1_DEMAND_USED_POS115_pct,         -nan
CORE_L1_DEMAND_USED_POS115_total_count,             0
CORE_L1_DEMAND_USED_POS115_total_pct,         -nan

CORE_L1_DEMAND_USED_POS116_count,             0
CORE_L1_DEMAND_USED_POS116_pct,         -nan
CORE_L1_DEMAND_USED_POS116_total_count,             0
CORE_L1_DEMAND_USED_POS116_total_pct,         -nan

CORE_L1_DEMAND_USED_POS117_count,             0
CORE_L1_DEMAND_USED_POS117_pct,         -nan
CORE_L1_DEMAND_USED_POS117_total_count,             0
CORE_L1_DEMAND_USED_POS117_total_pct,         -nan

CORE_L1_DEMAND_USED_POS118_count,             0
CORE_L1_DEMAND_USED_POS118_pct,         -nan
CORE_L1_DEMAND_USED_POS118_total_count,             0
CORE_L1_DEMAND_USED_POS118_total_pct,         -nan

CORE_L1_DEMAND_USED_POS119_count,             0
CORE_L1_DEMAND_USED_POS119_pct,         -nan
CORE_L1_DEMAND_USED_POS119_total_count,             0
CORE_L1_DEMAND_USED_POS119_total_pct,         -nan

CORE_L1_DEMAND_USED_POS120_count,             0
CORE_L1_DEMAND_USED_POS120_pct,         -nan
CORE_L1_DEMAND_USED_POS120_total_count,             0
CORE_L1_DEMAND_USED_POS120_total_pct,         -nan

CORE_L1_DEMAND_USED_POS121_count,             0
CORE_L1_DEMAND_USED_POS121_pct,         -nan
CORE_L1_DEMAND_USED_POS121_total_count,             0
CORE_L1_DEMAND_USED_POS121_total_pct,         -nan

CORE_L1_DEMAND_USED_POS122_count,             0
CORE_L1_DEMAND_USED_POS122_pct,         -nan
CORE_L1_DEMAND_USED_POS122_total_count,             0
CORE_L1_DEMAND_USED_POS122_total_pct,         -nan

CORE_L1_DEMAND_USED_POS123_count,             0
CORE_L1_DEMAND_USED_POS123_pct,         -nan
CORE_L1_DEMAND_USED_POS123_total_count,             0
CORE_L1_DEMAND_USED_POS123_total_pct,         -nan

CORE_L1_DEMAND_USED_POS124_count,             0
CORE_L1_DEMAND_USED_POS124_pct,         -nan
CORE_L1_DEMAND_USED_POS124_total_count,             0
CORE_L1_DEMAND_USED_POS124_total_pct,         -nan

CORE_L1_DEMAND_USED_POS125_count,             0
CORE_L1_DEMAND_USED_POS125_pct,         -nan
CORE_L1_DEMAND_USED_POS125_total_count,             0
CORE_L1_DEMAND_USED_POS125_total_pct,         -nan

CORE_L1_DEMAND_USED_POS126_count,             0
CORE_L1_DEMAND_USED_POS126_pct,         -nan
CORE_L1_DEMAND_USED_POS126_total_count,             0
CORE_L1_DEMAND_USED_POS126_total_pct,         -nan

CORE_L1_DEMAND_USED_POS127_count,             0
CORE_L1_DEMAND_USED_POS127_pct,         -nan
CORE_L1_DEMAND_USED_POS127_total_count,             0
CORE_L1_DEMAND_USED_POS127_total_pct,         -nan
CORE_L1_DEMAND_USED_POS127_sum_count,             0
CORE_L1_DEMAND_USED_POS127_sum_pct,         -nan
CORE_L1_DEMAND_USED_POS127_sum_total_count,             0
CORE_L1_DEMAND_USED_POS127_sum_total_pct,         -nan
CORE_L1_DEMAND_USED_POS127_mean,         -nan
CORE_L1_DEMAND_USED_POS127_stddev,         -nan
CORE_L1_DEMAND_USED_POS127_total_mean,         -nan
CORE_L1_DEMAND_USED_POS127_total_stddev,         -nan

CORE_L1_PREF_USED_POS0_count,             0
CORE_L1_PREF_USED_POS0_pct,         -nan
CORE_L1_PREF_USED_POS0_total_count,             0
CORE_L1_PREF_USED_POS0_total_pct,         -nan

CORE_L1_PREF_USED_POS1_count,             0
CORE_L1_PREF_USED_POS1_pct,         -nan
CORE_L1_PREF_USED_POS1_total_count,             0
CORE_L1_PREF_USED_POS1_total_pct,         -nan

CORE_L1_PREF_USED_POS2_count,             0
CORE_L1_PREF_USED_POS2_pct,         -nan
CORE_L1_PREF_USED_POS2_total_count,             0
CORE_L1_PREF_USED_POS2_total_pct,         -nan

CORE_L1_PREF_USED_POS3_count,             0
CORE_L1_PREF_USED_POS3_pct,         -nan
CORE_L1_PREF_USED_POS3_total_count,             0
CORE_L1_PREF_USED_POS3_total_pct,         -nan

CORE_L1_PREF_USED_POS4_count,             0
CORE_L1_PREF_USED_POS4_pct,         -nan
CORE_L1_PREF_USED_POS4_total_count,             0
CORE_L1_PREF_USED_POS4_total_pct,         -nan

CORE_L1_PREF_USED_POS5_count,             0
CORE_L1_PREF_USED_POS5_pct,         -nan
CORE_L1_PREF_USED_POS5_total_count,             0
CORE_L1_PREF_USED_POS5_total_pct,         -nan

CORE_L1_PREF_USED_POS6_count,             0
CORE_L1_PREF_USED_POS6_pct,         -nan
CORE_L1_PREF_USED_POS6_total_count,             0
CORE_L1_PREF_USED_POS6_total_pct,         -nan

CORE_L1_PREF_USED_POS7_count,             0
CORE_L1_PREF_USED_POS7_pct,         -nan
CORE_L1_PREF_USED_POS7_total_count,             0
CORE_L1_PREF_USED_POS7_total_pct,         -nan

CORE_L1_PREF_USED_POS8_count,             0
CORE_L1_PREF_USED_POS8_pct,         -nan
CORE_L1_PREF_USED_POS8_total_count,             0
CORE_L1_PREF_USED_POS8_total_pct,         -nan

CORE_L1_PREF_USED_POS9_count,             0
CORE_L1_PREF_USED_POS9_pct,         -nan
CORE_L1_PREF_USED_POS9_total_count,             0
CORE_L1_PREF_USED_POS9_total_pct,         -nan

CORE_L1_PREF_USED_POS10_count,             0
CORE_L1_PREF_USED_POS10_pct,         -nan
CORE_L1_PREF_USED_POS10_total_count,             0
CORE_L1_PREF_USED_POS10_total_pct,         -nan

CORE_L1_PREF_USED_POS11_count,             0
CORE_L1_PREF_USED_POS11_pct,         -nan
CORE_L1_PREF_USED_POS11_total_count,             0
CORE_L1_PREF_USED_POS11_total_pct,         -nan

CORE_L1_PREF_USED_POS12_count,             0
CORE_L1_PREF_USED_POS12_pct,         -nan
CORE_L1_PREF_USED_POS12_total_count,             0
CORE_L1_PREF_USED_POS12_total_pct,         -nan

CORE_L1_PREF_USED_POS13_count,             0
CORE_L1_PREF_USED_POS13_pct,         -nan
CORE_L1_PREF_USED_POS13_total_count,             0
CORE_L1_PREF_USED_POS13_total_pct,         -nan

CORE_L1_PREF_USED_POS14_count,             0
CORE_L1_PREF_USED_POS14_pct,         -nan
CORE_L1_PREF_USED_POS14_total_count,             0
CORE_L1_PREF_USED_POS14_total_pct,         -nan

CORE_L1_PREF_USED_POS15_count,             0
CORE_L1_PREF_USED_POS15_pct,         -nan
CORE_L1_PREF_USED_POS15_total_count,             0
CORE_L1_PREF_USED_POS15_total_pct,         -nan

CORE_L1_PREF_USED_POS16_count,             0
CORE_L1_PREF_USED_POS16_pct,         -nan
CORE_L1_PREF_USED_POS16_total_count,             0
CORE_L1_PREF_USED_POS16_total_pct,         -nan

CORE_L1_PREF_USED_POS17_count,             0
CORE_L1_PREF_USED_POS17_pct,         -nan
CORE_L1_PREF_USED_POS17_total_count,             0
CORE_L1_PREF_USED_POS17_total_pct,         -nan

CORE_L1_PREF_USED_POS18_count,             0
CORE_L1_PREF_USED_POS18_pct,         -nan
CORE_L1_PREF_USED_POS18_total_count,             0
CORE_L1_PREF_USED_POS18_total_pct,         -nan

CORE_L1_PREF_USED_POS19_count,             0
CORE_L1_PREF_USED_POS19_pct,         -nan
CORE_L1_PREF_USED_POS19_total_count,             0
CORE_L1_PREF_USED_POS19_total_pct,         -nan

CORE_L1_PREF_USED_POS20_count,             0
CORE_L1_PREF_USED_POS20_pct,         -nan
CORE_L1_PREF_USED_POS20_total_count,             0
CORE_L1_PREF_USED_POS20_total_pct,         -nan

CORE_L1_PREF_USED_POS21_count,             0
CORE_L1_PREF_USED_POS21_pct,         -nan
CORE_L1_PREF_USED_POS21_total_count,             0
CORE_L1_PREF_USED_POS21_total_pct,         -nan

CORE_L1_PREF_USED_POS22_count,             0
CORE_L1_PREF_USED_POS22_pct,         -nan
CORE_L1_PREF_USED_POS22_total_count,             0
CORE_L1_PREF_USED_POS22_total_pct,         -nan

CORE_L1_PREF_USED_POS23_count,             0
CORE_L1_PREF_USED_POS23_pct,         -nan
CORE_L1_PREF_USED_POS23_total_count,             0
CORE_L1_PREF_USED_POS23_total_pct,         -nan

CORE_L1_PREF_USED_POS24_count,             0
CORE_L1_PREF_USED_POS24_pct,         -nan
CORE_L1_PREF_USED_POS24_total_count,             0
CORE_L1_PREF_USED_POS24_total_pct,         -nan

CORE_L1_PREF_USED_POS25_count,             0
CORE_L1_PREF_USED_POS25_pct,         -nan
CORE_L1_PREF_USED_POS25_total_count,             0
CORE_L1_PREF_USED_POS25_total_pct,         -nan

CORE_L1_PREF_USED_POS26_count,             0
CORE_L1_PREF_USED_POS26_pct,         -nan
CORE_L1_PREF_USED_POS26_total_count,             0
CORE_L1_PREF_USED_POS26_total_pct,         -nan

CORE_L1_PREF_USED_POS27_count,             0
CORE_L1_PREF_USED_POS27_pct,         -nan
CORE_L1_PREF_USED_POS27_total_count,             0
CORE_L1_PREF_USED_POS27_total_pct,         -nan

CORE_L1_PREF_USED_POS28_count,             0
CORE_L1_PREF_USED_POS28_pct,         -nan
CORE_L1_PREF_USED_POS28_total_count,             0
CORE_L1_PREF_USED_POS28_total_pct,         -nan

CORE_L1_PREF_USED_POS29_count,             0
CORE_L1_PREF_USED_POS29_pct,         -nan
CORE_L1_PREF_USED_POS29_total_count,             0
CORE_L1_PREF_USED_POS29_total_pct,         -nan

CORE_L1_PREF_USED_POS30_count,             0
CORE_L1_PREF_USED_POS30_pct,         -nan
CORE_L1_PREF_USED_POS30_total_count,             0
CORE_L1_PREF_USED_POS30_total_pct,         -nan

CORE_L1_PREF_USED_POS31_count,             0
CORE_L1_PREF_USED_POS31_pct,         -nan
CORE_L1_PREF_USED_POS31_total_count,             0
CORE_L1_PREF_USED_POS31_total_pct,         -nan

CORE_L1_PREF_USED_POS32_count,             0
CORE_L1_PREF_USED_POS32_pct,         -nan
CORE_L1_PREF_USED_POS32_total_count,             0
CORE_L1_PREF_USED_POS32_total_pct,         -nan

CORE_L1_PREF_USED_POS33_count,             0
CORE_L1_PREF_USED_POS33_pct,         -nan
CORE_L1_PREF_USED_POS33_total_count,             0
CORE_L1_PREF_USED_POS33_total_pct,         -nan

CORE_L1_PREF_USED_POS34_count,             0
CORE_L1_PREF_USED_POS34_pct,         -nan
CORE_L1_PREF_USED_POS34_total_count,             0
CORE_L1_PREF_USED_POS34_total_pct,         -nan

CORE_L1_PREF_USED_POS35_count,             0
CORE_L1_PREF_USED_POS35_pct,         -nan
CORE_L1_PREF_USED_POS35_total_count,             0
CORE_L1_PREF_USED_POS35_total_pct,         -nan

CORE_L1_PREF_USED_POS36_count,             0
CORE_L1_PREF_USED_POS36_pct,         -nan
CORE_L1_PREF_USED_POS36_total_count,             0
CORE_L1_PREF_USED_POS36_total_pct,         -nan

CORE_L1_PREF_USED_POS37_count,             0
CORE_L1_PREF_USED_POS37_pct,         -nan
CORE_L1_PREF_USED_POS37_total_count,             0
CORE_L1_PREF_USED_POS37_total_pct,         -nan

CORE_L1_PREF_USED_POS38_count,             0
CORE_L1_PREF_USED_POS38_pct,         -nan
CORE_L1_PREF_USED_POS38_total_count,             0
CORE_L1_PREF_USED_POS38_total_pct,         -nan

CORE_L1_PREF_USED_POS39_count,             0
CORE_L1_PREF_USED_POS39_pct,         -nan
CORE_L1_PREF_USED_POS39_total_count,             0
CORE_L1_PREF_USED_POS39_total_pct,         -nan

CORE_L1_PREF_USED_POS40_count,             0
CORE_L1_PREF_USED_POS40_pct,         -nan
CORE_L1_PREF_USED_POS40_total_count,             0
CORE_L1_PREF_USED_POS40_total_pct,         -nan

CORE_L1_PREF_USED_POS41_count,             0
CORE_L1_PREF_USED_POS41_pct,         -nan
CORE_L1_PREF_USED_POS41_total_count,             0
CORE_L1_PREF_USED_POS41_total_pct,         -nan

CORE_L1_PREF_USED_POS42_count,             0
CORE_L1_PREF_USED_POS42_pct,         -nan
CORE_L1_PREF_USED_POS42_total_count,             0
CORE_L1_PREF_USED_POS42_total_pct,         -nan

CORE_L1_PREF_USED_POS43_count,             0
CORE_L1_PREF_USED_POS43_pct,         -nan
CORE_L1_PREF_USED_POS43_total_count,             0
CORE_L1_PREF_USED_POS43_total_pct,         -nan

CORE_L1_PREF_USED_POS44_count,             0
CORE_L1_PREF_USED_POS44_pct,         -nan
CORE_L1_PREF_USED_POS44_total_count,             0
CORE_L1_PREF_USED_POS44_total_pct,         -nan

CORE_L1_PREF_USED_POS45_count,             0
CORE_L1_PREF_USED_POS45_pct,         -nan
CORE_L1_PREF_USED_POS45_total_count,             0
CORE_L1_PREF_USED_POS45_total_pct,         -nan

CORE_L1_PREF_USED_POS46_count,             0
CORE_L1_PREF_USED_POS46_pct,         -nan
CORE_L1_PREF_USED_POS46_total_count,             0
CORE_L1_PREF_USED_POS46_total_pct,         -nan

CORE_L1_PREF_USED_POS47_count,             0
CORE_L1_PREF_USED_POS47_pct,         -nan
CORE_L1_PREF_USED_POS47_total_count,             0
CORE_L1_PREF_USED_POS47_total_pct,         -nan

CORE_L1_PREF_USED_POS48_count,             0
CORE_L1_PREF_USED_POS48_pct,         -nan
CORE_L1_PREF_USED_POS48_total_count,             0
CORE_L1_PREF_USED_POS48_total_pct,         -nan

CORE_L1_PREF_USED_POS49_count,             0
CORE_L1_PREF_USED_POS49_pct,         -nan
CORE_L1_PREF_USED_POS49_total_count,             0
CORE_L1_PREF_USED_POS49_total_pct,         -nan

CORE_L1_PREF_USED_POS50_count,             0
CORE_L1_PREF_USED_POS50_pct,         -nan
CORE_L1_PREF_USED_POS50_total_count,             0
CORE_L1_PREF_USED_POS50_total_pct,         -nan

CORE_L1_PREF_USED_POS51_count,             0
CORE_L1_PREF_USED_POS51_pct,         -nan
CORE_L1_PREF_USED_POS51_total_count,             0
CORE_L1_PREF_USED_POS51_total_pct,         -nan

CORE_L1_PREF_USED_POS52_count,             0
CORE_L1_PREF_USED_POS52_pct,         -nan
CORE_L1_PREF_USED_POS52_total_count,             0
CORE_L1_PREF_USED_POS52_total_pct,         -nan

CORE_L1_PREF_USED_POS53_count,             0
CORE_L1_PREF_USED_POS53_pct,         -nan
CORE_L1_PREF_USED_POS53_total_count,             0
CORE_L1_PREF_USED_POS53_total_pct,         -nan

CORE_L1_PREF_USED_POS54_count,             0
CORE_L1_PREF_USED_POS54_pct,         -nan
CORE_L1_PREF_USED_POS54_total_count,             0
CORE_L1_PREF_USED_POS54_total_pct,         -nan

CORE_L1_PREF_USED_POS55_count,             0
CORE_L1_PREF_USED_POS55_pct,         -nan
CORE_L1_PREF_USED_POS55_total_count,             0
CORE_L1_PREF_USED_POS55_total_pct,         -nan

CORE_L1_PREF_USED_POS56_count,             0
CORE_L1_PREF_USED_POS56_pct,         -nan
CORE_L1_PREF_USED_POS56_total_count,             0
CORE_L1_PREF_USED_POS56_total_pct,         -nan

CORE_L1_PREF_USED_POS57_count,             0
CORE_L1_PREF_USED_POS57_pct,         -nan
CORE_L1_PREF_USED_POS57_total_count,             0
CORE_L1_PREF_USED_POS57_total_pct,         -nan

CORE_L1_PREF_USED_POS58_count,             0
CORE_L1_PREF_USED_POS58_pct,         -nan
CORE_L1_PREF_USED_POS58_total_count,             0
CORE_L1_PREF_USED_POS58_total_pct,         -nan

CORE_L1_PREF_USED_POS59_count,             0
CORE_L1_PREF_USED_POS59_pct,         -nan
CORE_L1_PREF_USED_POS59_total_count,             0
CORE_L1_PREF_USED_POS59_total_pct,         -nan

CORE_L1_PREF_USED_POS60_count,             0
CORE_L1_PREF_USED_POS60_pct,         -nan
CORE_L1_PREF_USED_POS60_total_count,             0
CORE_L1_PREF_USED_POS60_total_pct,         -nan

CORE_L1_PREF_USED_POS61_count,             0
CORE_L1_PREF_USED_POS61_pct,         -nan
CORE_L1_PREF_USED_POS61_total_count,             0
CORE_L1_PREF_USED_POS61_total_pct,         -nan

CORE_L1_PREF_USED_POS62_count,             0
CORE_L1_PREF_USED_POS62_pct,         -nan
CORE_L1_PREF_USED_POS62_total_count,             0
CORE_L1_PREF_USED_POS62_total_pct,         -nan

CORE_L1_PREF_USED_POS63_count,             0
CORE_L1_PREF_USED_POS63_pct,         -nan
CORE_L1_PREF_USED_POS63_total_count,             0
CORE_L1_PREF_USED_POS63_total_pct,         -nan

CORE_L1_PREF_USED_POS64_count,             0
CORE_L1_PREF_USED_POS64_pct,         -nan
CORE_L1_PREF_USED_POS64_total_count,             0
CORE_L1_PREF_USED_POS64_total_pct,         -nan

CORE_L1_PREF_USED_POS65_count,             0
CORE_L1_PREF_USED_POS65_pct,         -nan
CORE_L1_PREF_USED_POS65_total_count,             0
CORE_L1_PREF_USED_POS65_total_pct,         -nan

CORE_L1_PREF_USED_POS66_count,             0
CORE_L1_PREF_USED_POS66_pct,         -nan
CORE_L1_PREF_USED_POS66_total_count,             0
CORE_L1_PREF_USED_POS66_total_pct,         -nan

CORE_L1_PREF_USED_POS67_count,             0
CORE_L1_PREF_USED_POS67_pct,         -nan
CORE_L1_PREF_USED_POS67_total_count,             0
CORE_L1_PREF_USED_POS67_total_pct,         -nan

CORE_L1_PREF_USED_POS68_count,             0
CORE_L1_PREF_USED_POS68_pct,         -nan
CORE_L1_PREF_USED_POS68_total_count,             0
CORE_L1_PREF_USED_POS68_total_pct,         -nan

CORE_L1_PREF_USED_POS69_count,             0
CORE_L1_PREF_USED_POS69_pct,         -nan
CORE_L1_PREF_USED_POS69_total_count,             0
CORE_L1_PREF_USED_POS69_total_pct,         -nan

CORE_L1_PREF_USED_POS70_count,             0
CORE_L1_PREF_USED_POS70_pct,         -nan
CORE_L1_PREF_USED_POS70_total_count,             0
CORE_L1_PREF_USED_POS70_total_pct,         -nan

CORE_L1_PREF_USED_POS71_count,             0
CORE_L1_PREF_USED_POS71_pct,         -nan
CORE_L1_PREF_USED_POS71_total_count,             0
CORE_L1_PREF_USED_POS71_total_pct,         -nan

CORE_L1_PREF_USED_POS72_count,             0
CORE_L1_PREF_USED_POS72_pct,         -nan
CORE_L1_PREF_USED_POS72_total_count,             0
CORE_L1_PREF_USED_POS72_total_pct,         -nan

CORE_L1_PREF_USED_POS73_count,             0
CORE_L1_PREF_USED_POS73_pct,         -nan
CORE_L1_PREF_USED_POS73_total_count,             0
CORE_L1_PREF_USED_POS73_total_pct,         -nan

CORE_L1_PREF_USED_POS74_count,             0
CORE_L1_PREF_USED_POS74_pct,         -nan
CORE_L1_PREF_USED_POS74_total_count,             0
CORE_L1_PREF_USED_POS74_total_pct,         -nan

CORE_L1_PREF_USED_POS75_count,             0
CORE_L1_PREF_USED_POS75_pct,         -nan
CORE_L1_PREF_USED_POS75_total_count,             0
CORE_L1_PREF_USED_POS75_total_pct,         -nan

CORE_L1_PREF_USED_POS76_count,             0
CORE_L1_PREF_USED_POS76_pct,         -nan
CORE_L1_PREF_USED_POS76_total_count,             0
CORE_L1_PREF_USED_POS76_total_pct,         -nan

CORE_L1_PREF_USED_POS77_count,             0
CORE_L1_PREF_USED_POS77_pct,         -nan
CORE_L1_PREF_USED_POS77_total_count,             0
CORE_L1_PREF_USED_POS77_total_pct,         -nan

CORE_L1_PREF_USED_POS78_count,             0
CORE_L1_PREF_USED_POS78_pct,         -nan
CORE_L1_PREF_USED_POS78_total_count,             0
CORE_L1_PREF_USED_POS78_total_pct,         -nan

CORE_L1_PREF_USED_POS79_count,             0
CORE_L1_PREF_USED_POS79_pct,         -nan
CORE_L1_PREF_USED_POS79_total_count,             0
CORE_L1_PREF_USED_POS79_total_pct,         -nan

CORE_L1_PREF_USED_POS80_count,             0
CORE_L1_PREF_USED_POS80_pct,         -nan
CORE_L1_PREF_USED_POS80_total_count,             0
CORE_L1_PREF_USED_POS80_total_pct,         -nan

CORE_L1_PREF_USED_POS81_count,             0
CORE_L1_PREF_USED_POS81_pct,         -nan
CORE_L1_PREF_USED_POS81_total_count,             0
CORE_L1_PREF_USED_POS81_total_pct,         -nan

CORE_L1_PREF_USED_POS82_count,             0
CORE_L1_PREF_USED_POS82_pct,         -nan
CORE_L1_PREF_USED_POS82_total_count,             0
CORE_L1_PREF_USED_POS82_total_pct,         -nan

CORE_L1_PREF_USED_POS83_count,             0
CORE_L1_PREF_USED_POS83_pct,         -nan
CORE_L1_PREF_USED_POS83_total_count,             0
CORE_L1_PREF_USED_POS83_total_pct,         -nan

CORE_L1_PREF_USED_POS84_count,             0
CORE_L1_PREF_USED_POS84_pct,         -nan
CORE_L1_PREF_USED_POS84_total_count,             0
CORE_L1_PREF_USED_POS84_total_pct,         -nan

CORE_L1_PREF_USED_POS85_count,             0
CORE_L1_PREF_USED_POS85_pct,         -nan
CORE_L1_PREF_USED_POS85_total_count,             0
CORE_L1_PREF_USED_POS85_total_pct,         -nan

CORE_L1_PREF_USED_POS86_count,             0
CORE_L1_PREF_USED_POS86_pct,         -nan
CORE_L1_PREF_USED_POS86_total_count,             0
CORE_L1_PREF_USED_POS86_total_pct,         -nan

CORE_L1_PREF_USED_POS87_count,             0
CORE_L1_PREF_USED_POS87_pct,         -nan
CORE_L1_PREF_USED_POS87_total_count,             0
CORE_L1_PREF_USED_POS87_total_pct,         -nan

CORE_L1_PREF_USED_POS88_count,             0
CORE_L1_PREF_USED_POS88_pct,         -nan
CORE_L1_PREF_USED_POS88_total_count,             0
CORE_L1_PREF_USED_POS88_total_pct,         -nan

CORE_L1_PREF_USED_POS89_count,             0
CORE_L1_PREF_USED_POS89_pct,         -nan
CORE_L1_PREF_USED_POS89_total_count,             0
CORE_L1_PREF_USED_POS89_total_pct,         -nan

CORE_L1_PREF_USED_POS90_count,             0
CORE_L1_PREF_USED_POS90_pct,         -nan
CORE_L1_PREF_USED_POS90_total_count,             0
CORE_L1_PREF_USED_POS90_total_pct,         -nan

CORE_L1_PREF_USED_POS91_count,             0
CORE_L1_PREF_USED_POS91_pct,         -nan
CORE_L1_PREF_USED_POS91_total_count,             0
CORE_L1_PREF_USED_POS91_total_pct,         -nan

CORE_L1_PREF_USED_POS92_count,             0
CORE_L1_PREF_USED_POS92_pct,         -nan
CORE_L1_PREF_USED_POS92_total_count,             0
CORE_L1_PREF_USED_POS92_total_pct,         -nan

CORE_L1_PREF_USED_POS93_count,             0
CORE_L1_PREF_USED_POS93_pct,         -nan
CORE_L1_PREF_USED_POS93_total_count,             0
CORE_L1_PREF_USED_POS93_total_pct,         -nan

CORE_L1_PREF_USED_POS94_count,             0
CORE_L1_PREF_USED_POS94_pct,         -nan
CORE_L1_PREF_USED_POS94_total_count,             0
CORE_L1_PREF_USED_POS94_total_pct,         -nan

CORE_L1_PREF_USED_POS95_count,             0
CORE_L1_PREF_USED_POS95_pct,         -nan
CORE_L1_PREF_USED_POS95_total_count,             0
CORE_L1_PREF_USED_POS95_total_pct,         -nan

CORE_L1_PREF_USED_POS96_count,             0
CORE_L1_PREF_USED_POS96_pct,         -nan
CORE_L1_PREF_USED_POS96_total_count,             0
CORE_L1_PREF_USED_POS96_total_pct,         -nan

CORE_L1_PREF_USED_POS97_count,             0
CORE_L1_PREF_USED_POS97_pct,         -nan
CORE_L1_PREF_USED_POS97_total_count,             0
CORE_L1_PREF_USED_POS97_total_pct,         -nan

CORE_L1_PREF_USED_POS98_count,             0
CORE_L1_PREF_USED_POS98_pct,         -nan
CORE_L1_PREF_USED_POS98_total_count,             0
CORE_L1_PREF_USED_POS98_total_pct,         -nan

CORE_L1_PREF_USED_POS99_count,             0
CORE_L1_PREF_USED_POS99_pct,         -nan
CORE_L1_PREF_USED_POS99_total_count,             0
CORE_L1_PREF_USED_POS99_total_pct,         -nan

CORE_L1_PREF_USED_POS100_count,             0
CORE_L1_PREF_USED_POS100_pct,         -nan
CORE_L1_PREF_USED_POS100_total_count,             0
CORE_L1_PREF_USED_POS100_total_pct,         -nan

CORE_L1_PREF_USED_POS101_count,             0
CORE_L1_PREF_USED_POS101_pct,         -nan
CORE_L1_PREF_USED_POS101_total_count,             0
CORE_L1_PREF_USED_POS101_total_pct,         -nan

CORE_L1_PREF_USED_POS102_count,             0
CORE_L1_PREF_USED_POS102_pct,         -nan
CORE_L1_PREF_USED_POS102_total_count,             0
CORE_L1_PREF_USED_POS102_total_pct,         -nan

CORE_L1_PREF_USED_POS103_count,             0
CORE_L1_PREF_USED_POS103_pct,         -nan
CORE_L1_PREF_USED_POS103_total_count,             0
CORE_L1_PREF_USED_POS103_total_pct,         -nan

CORE_L1_PREF_USED_POS104_count,             0
CORE_L1_PREF_USED_POS104_pct,         -nan
CORE_L1_PREF_USED_POS104_total_count,             0
CORE_L1_PREF_USED_POS104_total_pct,         -nan

CORE_L1_PREF_USED_POS105_count,             0
CORE_L1_PREF_USED_POS105_pct,         -nan
CORE_L1_PREF_USED_POS105_total_count,             0
CORE_L1_PREF_USED_POS105_total_pct,         -nan

CORE_L1_PREF_USED_POS106_count,             0
CORE_L1_PREF_USED_POS106_pct,         -nan
CORE_L1_PREF_USED_POS106_total_count,             0
CORE_L1_PREF_USED_POS106_total_pct,         -nan

CORE_L1_PREF_USED_POS107_count,             0
CORE_L1_PREF_USED_POS107_pct,         -nan
CORE_L1_PREF_USED_POS107_total_count,             0
CORE_L1_PREF_USED_POS107_total_pct,         -nan

CORE_L1_PREF_USED_POS108_count,             0
CORE_L1_PREF_USED_POS108_pct,         -nan
CORE_L1_PREF_USED_POS108_total_count,             0
CORE_L1_PREF_USED_POS108_total_pct,         -nan

CORE_L1_PREF_USED_POS109_count,             0
CORE_L1_PREF_USED_POS109_pct,         -nan
CORE_L1_PREF_USED_POS109_total_count,             0
CORE_L1_PREF_USED_POS109_total_pct,         -nan

CORE_L1_PREF_USED_POS110_count,             0
CORE_L1_PREF_USED_POS110_pct,         -nan
CORE_L1_PREF_USED_POS110_total_count,             0
CORE_L1_PREF_USED_POS110_total_pct,         -nan

CORE_L1_PREF_USED_POS111_count,             0
CORE_L1_PREF_USED_POS111_pct,         -nan
CORE_L1_PREF_USED_POS111_total_count,             0
CORE_L1_PREF_USED_POS111_total_pct,         -nan

CORE_L1_PREF_USED_POS112_count,             0
CORE_L1_PREF_USED_POS112_pct,         -nan
CORE_L1_PREF_USED_POS112_total_count,             0
CORE_L1_PREF_USED_POS112_total_pct,         -nan

CORE_L1_PREF_USED_POS113_count,             0
CORE_L1_PREF_USED_POS113_pct,         -nan
CORE_L1_PREF_USED_POS113_total_count,             0
CORE_L1_PREF_USED_POS113_total_pct,         -nan

CORE_L1_PREF_USED_POS114_count,             0
CORE_L1_PREF_USED_POS114_pct,         -nan
CORE_L1_PREF_USED_POS114_total_count,             0
CORE_L1_PREF_USED_POS114_total_pct,         -nan

CORE_L1_PREF_USED_POS115_count,             0
CORE_L1_PREF_USED_POS115_pct,         -nan
CORE_L1_PREF_USED_POS115_total_count,             0
CORE_L1_PREF_USED_POS115_total_pct,         -nan

CORE_L1_PREF_USED_POS116_count,             0
CORE_L1_PREF_USED_POS116_pct,         -nan
CORE_L1_PREF_USED_POS116_total_count,             0
CORE_L1_PREF_USED_POS116_total_pct,         -nan

CORE_L1_PREF_USED_POS117_count,             0
CORE_L1_PREF_USED_POS117_pct,         -nan
CORE_L1_PREF_USED_POS117_total_count,             0
CORE_L1_PREF_USED_POS117_total_pct,         -nan

CORE_L1_PREF_USED_POS118_count,             0
CORE_L1_PREF_USED_POS118_pct,         -nan
CORE_L1_PREF_USED_POS118_total_count,             0
CORE_L1_PREF_USED_POS118_total_pct,         -nan

CORE_L1_PREF_USED_POS119_count,             0
CORE_L1_PREF_USED_POS119_pct,         -nan
CORE_L1_PREF_USED_POS119_total_count,             0
CORE_L1_PREF_USED_POS119_total_pct,         -nan

CORE_L1_PREF_USED_POS120_count,             0
CORE_L1_PREF_USED_POS120_pct,         -nan
CORE_L1_PREF_USED_POS120_total_count,             0
CORE_L1_PREF_USED_POS120_total_pct,         -nan

CORE_L1_PREF_USED_POS121_count,             0
CORE_L1_PREF_USED_POS121_pct,         -nan
CORE_L1_PREF_USED_POS121_total_count,             0
CORE_L1_PREF_USED_POS121_total_pct,         -nan

CORE_L1_PREF_USED_POS122_count,             0
CORE_L1_PREF_USED_POS122_pct,         -nan
CORE_L1_PREF_USED_POS122_total_count,             0
CORE_L1_PREF_USED_POS122_total_pct,         -nan

CORE_L1_PREF_USED_POS123_count,             0
CORE_L1_PREF_USED_POS123_pct,         -nan
CORE_L1_PREF_USED_POS123_total_count,             0
CORE_L1_PREF_USED_POS123_total_pct,         -nan

CORE_L1_PREF_USED_POS124_count,             0
CORE_L1_PREF_USED_POS124_pct,         -nan
CORE_L1_PREF_USED_POS124_total_count,             0
CORE_L1_PREF_USED_POS124_total_pct,         -nan

CORE_L1_PREF_USED_POS125_count,             0
CORE_L1_PREF_USED_POS125_pct,         -nan
CORE_L1_PREF_USED_POS125_total_count,             0
CORE_L1_PREF_USED_POS125_total_pct,         -nan

CORE_L1_PREF_USED_POS126_count,             0
CORE_L1_PREF_USED_POS126_pct,         -nan
CORE_L1_PREF_USED_POS126_total_count,             0
CORE_L1_PREF_USED_POS126_total_pct,         -nan

CORE_L1_PREF_USED_POS127_count,             0
CORE_L1_PREF_USED_POS127_pct,         -nan
CORE_L1_PREF_USED_POS127_total_count,             0
CORE_L1_PREF_USED_POS127_total_pct,         -nan
CORE_L1_PREF_USED_POS127_sum_count,             0
CORE_L1_PREF_USED_POS127_sum_pct,         -nan
CORE_L1_PREF_USED_POS127_sum_total_count,             0
CORE_L1_PREF_USED_POS127_sum_total_pct,         -nan
CORE_L1_PREF_USED_POS127_mean,         -nan
CORE_L1_PREF_USED_POS127_stddev,         -nan
CORE_L1_PREF_USED_POS127_total_mean,         -nan
CORE_L1_PREF_USED_POS127_total_stddev,         -nan

CORE_TOTAL_SETS_ALL_INTERVALS_count,             0
CORE_TOTAL_SETS_ALL_INTERVALS_total_count,             0

CORE_L1_AVG_NUM_WAYS_count,             0
CORE_L1_AVG_NUM_WAYS_pct,         -nan
CORE_L1_AVG_NUM_WAYS_total_count,             0
CORE_L1_AVG_NUM_WAYS_total_pct,         -nan

L1_PARTITION_INTERVALS_count,             0
L1_PARTITION_INTERVALS_total_count,             0

NORESET_L1_PARTITION_count,             0
NORESET_L1_PARTITION_total_count,             0

L1_SHADOW_ACCESS_count,             0
L1_SHADOW_ACCESS_total_count,             0

L1_SHADOW_ACCESS_STALLING_count,             0
L1_SHADOW_ACCESS_STALLING_total_count,             0

L1_SHADOW_ACCESS_DEMAND_count,             0
L1_SHADOW_ACCESS_DEMAND_total_count,             0

L1_SHADOW_HIT_count,             0
L1_SHADOW_HIT_total_count,             0

L1_SHADOW_HIT_STALLING_count,             0
L1_SHADOW_HIT_STALLING_total_count,             0

L1_SHADOW_HIT_DEMAND_count,             0
L1_SHADOW_HIT_DEMAND_total_count,             0

L1_SHADOW_UNTIMELY_HIT_count,             0
L1_SHADOW_UNTIMELY_HIT_total_count,             0

L1_SHADOW_UNTIMELY_HIT_STALLING_count,             0
L1_SHADOW_UNTIMELY_HIT_STALLING_total_count,             0

L1_SHADOW_UNTIMELY_HIT_DEMAND_count,             0
L1_SHADOW_UNTIMELY_HIT_DEMAND_total_count,             0

L1_SHADOW_HIT_POS0_count,             0
L1_SHADOW_HIT_POS0_pct,         -nan
L1_SHADOW_HIT_POS0_total_count,             0
L1_SHADOW_HIT_POS0_total_pct,         -nan

L1_SHADOW_HIT_POS1_count,             0
L1_SHADOW_HIT_POS1_pct,         -nan
L1_SHADOW_HIT_POS1_total_count,             0
L1_SHADOW_HIT_POS1_total_pct,         -nan

L1_SHADOW_HIT_POS2_count,             0
L1_SHADOW_HIT_POS2_pct,         -nan
L1_SHADOW_HIT_POS2_total_count,             0
L1_SHADOW_HIT_POS2_total_pct,         -nan

L1_SHADOW_HIT_POS3_count,             0
L1_SHADOW_HIT_POS3_pct,         -nan
L1_SHADOW_HIT_POS3_total_count,             0
L1_SHADOW_HIT_POS3_total_pct,         -nan

L1_SHADOW_HIT_POS4_count,             0
L1_SHADOW_HIT_POS4_pct,         -nan
L1_SHADOW_HIT_POS4_total_count,             0
L1_SHADOW_HIT_POS4_total_pct,         -nan

L1_SHADOW_HIT_POS5_count,             0
L1_SHADOW_HIT_POS5_pct,         -nan
L1_SHADOW_HIT_POS5_total_count,             0
L1_SHADOW_HIT_POS5_total_pct,         -nan

L1_SHADOW_HIT_POS6_count,             0
L1_SHADOW_HIT_POS6_pct,         -nan
L1_SHADOW_HIT_POS6_total_count,             0
L1_SHADOW_HIT_POS6_total_pct,         -nan

L1_SHADOW_HIT_POS7_count,             0
L1_SHADOW_HIT_POS7_pct,         -nan
L1_SHADOW_HIT_POS7_total_count,             0
L1_SHADOW_HIT_POS7_total_pct,         -nan

L1_SHADOW_HIT_POS8_count,             0
L1_SHADOW_HIT_POS8_pct,         -nan
L1_SHADOW_HIT_POS8_total_count,             0
L1_SHADOW_HIT_POS8_total_pct,         -nan

L1_SHADOW_HIT_POS9_count,             0
L1_SHADOW_HIT_POS9_pct,         -nan
L1_SHADOW_HIT_POS9_total_count,             0
L1_SHADOW_HIT_POS9_total_pct,         -nan

L1_SHADOW_HIT_POS10_count,             0
L1_SHADOW_HIT_POS10_pct,         -nan
L1_SHADOW_HIT_POS10_total_count,             0
L1_SHADOW_HIT_POS10_total_pct,         -nan

L1_SHADOW_HIT_POS11_count,             0
L1_SHADOW_HIT_POS11_pct,         -nan
L1_SHADOW_HIT_POS11_total_count,             0
L1_SHADOW_HIT_POS11_total_pct,         -nan

L1_SHADOW_HIT_POS12_count,             0
L1_SHADOW_HIT_POS12_pct,         -nan
L1_SHADOW_HIT_POS12_total_count,             0
L1_SHADOW_HIT_POS12_total_pct,         -nan

L1_SHADOW_HIT_POS13_count,             0
L1_SHADOW_HIT_POS13_pct,         -nan
L1_SHADOW_HIT_POS13_total_count,             0
L1_SHADOW_HIT_POS13_total_pct,         -nan

L1_SHADOW_HIT_POS14_count,             0
L1_SHADOW_HIT_POS14_pct,         -nan
L1_SHADOW_HIT_POS14_total_count,             0
L1_SHADOW_HIT_POS14_total_pct,         -nan

L1_SHADOW_HIT_POS15_count,             0
L1_SHADOW_HIT_POS15_pct,         -nan
L1_SHADOW_HIT_POS15_total_count,             0
L1_SHADOW_HIT_POS15_total_pct,         -nan

L1_SHADOW_HIT_POS16_count,             0
L1_SHADOW_HIT_POS16_pct,         -nan
L1_SHADOW_HIT_POS16_total_count,             0
L1_SHADOW_HIT_POS16_total_pct,         -nan

L1_SHADOW_HIT_POS17_count,             0
L1_SHADOW_HIT_POS17_pct,         -nan
L1_SHADOW_HIT_POS17_total_count,             0
L1_SHADOW_HIT_POS17_total_pct,         -nan

L1_SHADOW_HIT_POS18_count,             0
L1_SHADOW_HIT_POS18_pct,         -nan
L1_SHADOW_HIT_POS18_total_count,             0
L1_SHADOW_HIT_POS18_total_pct,         -nan

L1_SHADOW_HIT_POS19_count,             0
L1_SHADOW_HIT_POS19_pct,         -nan
L1_SHADOW_HIT_POS19_total_count,             0
L1_SHADOW_HIT_POS19_total_pct,         -nan

L1_SHADOW_HIT_POS20_count,             0
L1_SHADOW_HIT_POS20_pct,         -nan
L1_SHADOW_HIT_POS20_total_count,             0
L1_SHADOW_HIT_POS20_total_pct,         -nan

L1_SHADOW_HIT_POS21_count,             0
L1_SHADOW_HIT_POS21_pct,         -nan
L1_SHADOW_HIT_POS21_total_count,             0
L1_SHADOW_HIT_POS21_total_pct,         -nan

L1_SHADOW_HIT_POS22_count,             0
L1_SHADOW_HIT_POS22_pct,         -nan
L1_SHADOW_HIT_POS22_total_count,             0
L1_SHADOW_HIT_POS22_total_pct,         -nan

L1_SHADOW_HIT_POS23_count,             0
L1_SHADOW_HIT_POS23_pct,         -nan
L1_SHADOW_HIT_POS23_total_count,             0
L1_SHADOW_HIT_POS23_total_pct,         -nan

L1_SHADOW_HIT_POS24_count,             0
L1_SHADOW_HIT_POS24_pct,         -nan
L1_SHADOW_HIT_POS24_total_count,             0
L1_SHADOW_HIT_POS24_total_pct,         -nan

L1_SHADOW_HIT_POS25_count,             0
L1_SHADOW_HIT_POS25_pct,         -nan
L1_SHADOW_HIT_POS25_total_count,             0
L1_SHADOW_HIT_POS25_total_pct,         -nan

L1_SHADOW_HIT_POS26_count,             0
L1_SHADOW_HIT_POS26_pct,         -nan
L1_SHADOW_HIT_POS26_total_count,             0
L1_SHADOW_HIT_POS26_total_pct,         -nan

L1_SHADOW_HIT_POS27_count,             0
L1_SHADOW_HIT_POS27_pct,         -nan
L1_SHADOW_HIT_POS27_total_count,             0
L1_SHADOW_HIT_POS27_total_pct,         -nan

L1_SHADOW_HIT_POS28_count,             0
L1_SHADOW_HIT_POS28_pct,         -nan
L1_SHADOW_HIT_POS28_total_count,             0
L1_SHADOW_HIT_POS28_total_pct,         -nan

L1_SHADOW_HIT_POS29_count,             0
L1_SHADOW_HIT_POS29_pct,         -nan
L1_SHADOW_HIT_POS29_total_count,             0
L1_SHADOW_HIT_POS29_total_pct,         -nan

L1_SHADOW_HIT_POS30_count,             0
L1_SHADOW_HIT_POS30_pct,         -nan
L1_SHADOW_HIT_POS30_total_count,             0
L1_SHADOW_HIT_POS30_total_pct,         -nan

L1_SHADOW_HIT_POS31_count,             0
L1_SHADOW_HIT_POS31_pct,         -nan
L1_SHADOW_HIT_POS31_total_count,             0
L1_SHADOW_HIT_POS31_total_pct,         -nan

L1_SHADOW_HIT_POS32_count,             0
L1_SHADOW_HIT_POS32_pct,         -nan
L1_SHADOW_HIT_POS32_total_count,             0
L1_SHADOW_HIT_POS32_total_pct,         -nan

L1_SHADOW_HIT_POS33_count,             0
L1_SHADOW_HIT_POS33_pct,         -nan
L1_SHADOW_HIT_POS33_total_count,             0
L1_SHADOW_HIT_POS33_total_pct,         -nan

L1_SHADOW_HIT_POS34_count,             0
L1_SHADOW_HIT_POS34_pct,         -nan
L1_SHADOW_HIT_POS34_total_count,             0
L1_SHADOW_HIT_POS34_total_pct,         -nan

L1_SHADOW_HIT_POS35_count,             0
L1_SHADOW_HIT_POS35_pct,         -nan
L1_SHADOW_HIT_POS35_total_count,             0
L1_SHADOW_HIT_POS35_total_pct,         -nan

L1_SHADOW_HIT_POS36_count,             0
L1_SHADOW_HIT_POS36_pct,         -nan
L1_SHADOW_HIT_POS36_total_count,             0
L1_SHADOW_HIT_POS36_total_pct,         -nan

L1_SHADOW_HIT_POS37_count,             0
L1_SHADOW_HIT_POS37_pct,         -nan
L1_SHADOW_HIT_POS37_total_count,             0
L1_SHADOW_HIT_POS37_total_pct,         -nan

L1_SHADOW_HIT_POS38_count,             0
L1_SHADOW_HIT_POS38_pct,         -nan
L1_SHADOW_HIT_POS38_total_count,             0
L1_SHADOW_HIT_POS38_total_pct,         -nan

L1_SHADOW_HIT_POS39_count,             0
L1_SHADOW_HIT_POS39_pct,         -nan
L1_SHADOW_HIT_POS39_total_count,             0
L1_SHADOW_HIT_POS39_total_pct,         -nan

L1_SHADOW_HIT_POS40_count,             0
L1_SHADOW_HIT_POS40_pct,         -nan
L1_SHADOW_HIT_POS40_total_count,             0
L1_SHADOW_HIT_POS40_total_pct,         -nan

L1_SHADOW_HIT_POS41_count,             0
L1_SHADOW_HIT_POS41_pct,         -nan
L1_SHADOW_HIT_POS41_total_count,             0
L1_SHADOW_HIT_POS41_total_pct,         -nan

L1_SHADOW_HIT_POS42_count,             0
L1_SHADOW_HIT_POS42_pct,         -nan
L1_SHADOW_HIT_POS42_total_count,             0
L1_SHADOW_HIT_POS42_total_pct,         -nan

L1_SHADOW_HIT_POS43_count,             0
L1_SHADOW_HIT_POS43_pct,         -nan
L1_SHADOW_HIT_POS43_total_count,             0
L1_SHADOW_HIT_POS43_total_pct,         -nan

L1_SHADOW_HIT_POS44_count,             0
L1_SHADOW_HIT_POS44_pct,         -nan
L1_SHADOW_HIT_POS44_total_count,             0
L1_SHADOW_HIT_POS44_total_pct,         -nan

L1_SHADOW_HIT_POS45_count,             0
L1_SHADOW_HIT_POS45_pct,         -nan
L1_SHADOW_HIT_POS45_total_count,             0
L1_SHADOW_HIT_POS45_total_pct,         -nan

L1_SHADOW_HIT_POS46_count,             0
L1_SHADOW_HIT_POS46_pct,         -nan
L1_SHADOW_HIT_POS46_total_count,             0
L1_SHADOW_HIT_POS46_total_pct,         -nan

L1_SHADOW_HIT_POS47_count,             0
L1_SHADOW_HIT_POS47_pct,         -nan
L1_SHADOW_HIT_POS47_total_count,             0
L1_SHADOW_HIT_POS47_total_pct,         -nan

L1_SHADOW_HIT_POS48_count,             0
L1_SHADOW_HIT_POS48_pct,         -nan
L1_SHADOW_HIT_POS48_total_count,             0
L1_SHADOW_HIT_POS48_total_pct,         -nan

L1_SHADOW_HIT_POS49_count,             0
L1_SHADOW_HIT_POS49_pct,         -nan
L1_SHADOW_HIT_POS49_total_count,             0
L1_SHADOW_HIT_POS49_total_pct,         -nan

L1_SHADOW_HIT_POS50_count,             0
L1_SHADOW_HIT_POS50_pct,         -nan
L1_SHADOW_HIT_POS50_total_count,             0
L1_SHADOW_HIT_POS50_total_pct,         -nan

L1_SHADOW_HIT_POS51_count,             0
L1_SHADOW_HIT_POS51_pct,         -nan
L1_SHADOW_HIT_POS51_total_count,             0
L1_SHADOW_HIT_POS51_total_pct,         -nan

L1_SHADOW_HIT_POS52_count,             0
L1_SHADOW_HIT_POS52_pct,         -nan
L1_SHADOW_HIT_POS52_total_count,             0
L1_SHADOW_HIT_POS52_total_pct,         -nan

L1_SHADOW_HIT_POS53_count,             0
L1_SHADOW_HIT_POS53_pct,         -nan
L1_SHADOW_HIT_POS53_total_count,             0
L1_SHADOW_HIT_POS53_total_pct,         -nan

L1_SHADOW_HIT_POS54_count,             0
L1_SHADOW_HIT_POS54_pct,         -nan
L1_SHADOW_HIT_POS54_total_count,             0
L1_SHADOW_HIT_POS54_total_pct,         -nan

L1_SHADOW_HIT_POS55_count,             0
L1_SHADOW_HIT_POS55_pct,         -nan
L1_SHADOW_HIT_POS55_total_count,             0
L1_SHADOW_HIT_POS55_total_pct,         -nan

L1_SHADOW_HIT_POS56_count,             0
L1_SHADOW_HIT_POS56_pct,         -nan
L1_SHADOW_HIT_POS56_total_count,             0
L1_SHADOW_HIT_POS56_total_pct,         -nan

L1_SHADOW_HIT_POS57_count,             0
L1_SHADOW_HIT_POS57_pct,         -nan
L1_SHADOW_HIT_POS57_total_count,             0
L1_SHADOW_HIT_POS57_total_pct,         -nan

L1_SHADOW_HIT_POS58_count,             0
L1_SHADOW_HIT_POS58_pct,         -nan
L1_SHADOW_HIT_POS58_total_count,             0
L1_SHADOW_HIT_POS58_total_pct,         -nan

L1_SHADOW_HIT_POS59_count,             0
L1_SHADOW_HIT_POS59_pct,         -nan
L1_SHADOW_HIT_POS59_total_count,             0
L1_SHADOW_HIT_POS59_total_pct,         -nan

L1_SHADOW_HIT_POS60_count,             0
L1_SHADOW_HIT_POS60_pct,         -nan
L1_SHADOW_HIT_POS60_total_count,             0
L1_SHADOW_HIT_POS60_total_pct,         -nan

L1_SHADOW_HIT_POS61_count,             0
L1_SHADOW_HIT_POS61_pct,         -nan
L1_SHADOW_HIT_POS61_total_count,             0
L1_SHADOW_HIT_POS61_total_pct,         -nan

L1_SHADOW_HIT_POS62_count,             0
L1_SHADOW_HIT_POS62_pct,         -nan
L1_SHADOW_HIT_POS62_total_count,             0
L1_SHADOW_HIT_POS62_total_pct,         -nan

L1_SHADOW_HIT_POS63_count,             0
L1_SHADOW_HIT_POS63_pct,         -nan
L1_SHADOW_HIT_POS63_total_count,             0
L1_SHADOW_HIT_POS63_total_pct,         -nan

L1_SHADOW_HIT_POS64_count,             0
L1_SHADOW_HIT_POS64_pct,         -nan
L1_SHADOW_HIT_POS64_total_count,             0
L1_SHADOW_HIT_POS64_total_pct,         -nan

L1_SHADOW_HIT_POS65_count,             0
L1_SHADOW_HIT_POS65_pct,         -nan
L1_SHADOW_HIT_POS65_total_count,             0
L1_SHADOW_HIT_POS65_total_pct,         -nan

L1_SHADOW_HIT_POS66_count,             0
L1_SHADOW_HIT_POS66_pct,         -nan
L1_SHADOW_HIT_POS66_total_count,             0
L1_SHADOW_HIT_POS66_total_pct,         -nan

L1_SHADOW_HIT_POS67_count,             0
L1_SHADOW_HIT_POS67_pct,         -nan
L1_SHADOW_HIT_POS67_total_count,             0
L1_SHADOW_HIT_POS67_total_pct,         -nan

L1_SHADOW_HIT_POS68_count,             0
L1_SHADOW_HIT_POS68_pct,         -nan
L1_SHADOW_HIT_POS68_total_count,             0
L1_SHADOW_HIT_POS68_total_pct,         -nan

L1_SHADOW_HIT_POS69_count,             0
L1_SHADOW_HIT_POS69_pct,         -nan
L1_SHADOW_HIT_POS69_total_count,             0
L1_SHADOW_HIT_POS69_total_pct,         -nan

L1_SHADOW_HIT_POS70_count,             0
L1_SHADOW_HIT_POS70_pct,         -nan
L1_SHADOW_HIT_POS70_total_count,             0
L1_SHADOW_HIT_POS70_total_pct,         -nan

L1_SHADOW_HIT_POS71_count,             0
L1_SHADOW_HIT_POS71_pct,         -nan
L1_SHADOW_HIT_POS71_total_count,             0
L1_SHADOW_HIT_POS71_total_pct,         -nan

L1_SHADOW_HIT_POS72_count,             0
L1_SHADOW_HIT_POS72_pct,         -nan
L1_SHADOW_HIT_POS72_total_count,             0
L1_SHADOW_HIT_POS72_total_pct,         -nan

L1_SHADOW_HIT_POS73_count,             0
L1_SHADOW_HIT_POS73_pct,         -nan
L1_SHADOW_HIT_POS73_total_count,             0
L1_SHADOW_HIT_POS73_total_pct,         -nan

L1_SHADOW_HIT_POS74_count,             0
L1_SHADOW_HIT_POS74_pct,         -nan
L1_SHADOW_HIT_POS74_total_count,             0
L1_SHADOW_HIT_POS74_total_pct,         -nan

L1_SHADOW_HIT_POS75_count,             0
L1_SHADOW_HIT_POS75_pct,         -nan
L1_SHADOW_HIT_POS75_total_count,             0
L1_SHADOW_HIT_POS75_total_pct,         -nan

L1_SHADOW_HIT_POS76_count,             0
L1_SHADOW_HIT_POS76_pct,         -nan
L1_SHADOW_HIT_POS76_total_count,             0
L1_SHADOW_HIT_POS76_total_pct,         -nan

L1_SHADOW_HIT_POS77_count,             0
L1_SHADOW_HIT_POS77_pct,         -nan
L1_SHADOW_HIT_POS77_total_count,             0
L1_SHADOW_HIT_POS77_total_pct,         -nan

L1_SHADOW_HIT_POS78_count,             0
L1_SHADOW_HIT_POS78_pct,         -nan
L1_SHADOW_HIT_POS78_total_count,             0
L1_SHADOW_HIT_POS78_total_pct,         -nan

L1_SHADOW_HIT_POS79_count,             0
L1_SHADOW_HIT_POS79_pct,         -nan
L1_SHADOW_HIT_POS79_total_count,             0
L1_SHADOW_HIT_POS79_total_pct,         -nan

L1_SHADOW_HIT_POS80_count,             0
L1_SHADOW_HIT_POS80_pct,         -nan
L1_SHADOW_HIT_POS80_total_count,             0
L1_SHADOW_HIT_POS80_total_pct,         -nan

L1_SHADOW_HIT_POS81_count,             0
L1_SHADOW_HIT_POS81_pct,         -nan
L1_SHADOW_HIT_POS81_total_count,             0
L1_SHADOW_HIT_POS81_total_pct,         -nan

L1_SHADOW_HIT_POS82_count,             0
L1_SHADOW_HIT_POS82_pct,         -nan
L1_SHADOW_HIT_POS82_total_count,             0
L1_SHADOW_HIT_POS82_total_pct,         -nan

L1_SHADOW_HIT_POS83_count,             0
L1_SHADOW_HIT_POS83_pct,         -nan
L1_SHADOW_HIT_POS83_total_count,             0
L1_SHADOW_HIT_POS83_total_pct,         -nan

L1_SHADOW_HIT_POS84_count,             0
L1_SHADOW_HIT_POS84_pct,         -nan
L1_SHADOW_HIT_POS84_total_count,             0
L1_SHADOW_HIT_POS84_total_pct,         -nan

L1_SHADOW_HIT_POS85_count,             0
L1_SHADOW_HIT_POS85_pct,         -nan
L1_SHADOW_HIT_POS85_total_count,             0
L1_SHADOW_HIT_POS85_total_pct,         -nan

L1_SHADOW_HIT_POS86_count,             0
L1_SHADOW_HIT_POS86_pct,         -nan
L1_SHADOW_HIT_POS86_total_count,             0
L1_SHADOW_HIT_POS86_total_pct,         -nan

L1_SHADOW_HIT_POS87_count,             0
L1_SHADOW_HIT_POS87_pct,         -nan
L1_SHADOW_HIT_POS87_total_count,             0
L1_SHADOW_HIT_POS87_total_pct,         -nan

L1_SHADOW_HIT_POS88_count,             0
L1_SHADOW_HIT_POS88_pct,         -nan
L1_SHADOW_HIT_POS88_total_count,             0
L1_SHADOW_HIT_POS88_total_pct,         -nan

L1_SHADOW_HIT_POS89_count,             0
L1_SHADOW_HIT_POS89_pct,         -nan
L1_SHADOW_HIT_POS89_total_count,             0
L1_SHADOW_HIT_POS89_total_pct,         -nan

L1_SHADOW_HIT_POS90_count,             0
L1_SHADOW_HIT_POS90_pct,         -nan
L1_SHADOW_HIT_POS90_total_count,             0
L1_SHADOW_HIT_POS90_total_pct,         -nan

L1_SHADOW_HIT_POS91_count,             0
L1_SHADOW_HIT_POS91_pct,         -nan
L1_SHADOW_HIT_POS91_total_count,             0
L1_SHADOW_HIT_POS91_total_pct,         -nan

L1_SHADOW_HIT_POS92_count,             0
L1_SHADOW_HIT_POS92_pct,         -nan
L1_SHADOW_HIT_POS92_total_count,             0
L1_SHADOW_HIT_POS92_total_pct,         -nan

L1_SHADOW_HIT_POS93_count,             0
L1_SHADOW_HIT_POS93_pct,         -nan
L1_SHADOW_HIT_POS93_total_count,             0
L1_SHADOW_HIT_POS93_total_pct,         -nan

L1_SHADOW_HIT_POS94_count,             0
L1_SHADOW_HIT_POS94_pct,         -nan
L1_SHADOW_HIT_POS94_total_count,             0
L1_SHADOW_HIT_POS94_total_pct,         -nan

L1_SHADOW_HIT_POS95_count,             0
L1_SHADOW_HIT_POS95_pct,         -nan
L1_SHADOW_HIT_POS95_total_count,             0
L1_SHADOW_HIT_POS95_total_pct,         -nan

L1_SHADOW_HIT_POS96_count,             0
L1_SHADOW_HIT_POS96_pct,         -nan
L1_SHADOW_HIT_POS96_total_count,             0
L1_SHADOW_HIT_POS96_total_pct,         -nan

L1_SHADOW_HIT_POS97_count,             0
L1_SHADOW_HIT_POS97_pct,         -nan
L1_SHADOW_HIT_POS97_total_count,             0
L1_SHADOW_HIT_POS97_total_pct,         -nan

L1_SHADOW_HIT_POS98_count,             0
L1_SHADOW_HIT_POS98_pct,         -nan
L1_SHADOW_HIT_POS98_total_count,             0
L1_SHADOW_HIT_POS98_total_pct,         -nan

L1_SHADOW_HIT_POS99_count,             0
L1_SHADOW_HIT_POS99_pct,         -nan
L1_SHADOW_HIT_POS99_total_count,             0
L1_SHADOW_HIT_POS99_total_pct,         -nan

L1_SHADOW_HIT_POS100_count,             0
L1_SHADOW_HIT_POS100_pct,         -nan
L1_SHADOW_HIT_POS100_total_count,             0
L1_SHADOW_HIT_POS100_total_pct,         -nan

L1_SHADOW_HIT_POS101_count,             0
L1_SHADOW_HIT_POS101_pct,         -nan
L1_SHADOW_HIT_POS101_total_count,             0
L1_SHADOW_HIT_POS101_total_pct,         -nan

L1_SHADOW_HIT_POS102_count,             0
L1_SHADOW_HIT_POS102_pct,         -nan
L1_SHADOW_HIT_POS102_total_count,             0
L1_SHADOW_HIT_POS102_total_pct,         -nan

L1_SHADOW_HIT_POS103_count,             0
L1_SHADOW_HIT_POS103_pct,         -nan
L1_SHADOW_HIT_POS103_total_count,             0
L1_SHADOW_HIT_POS103_total_pct,         -nan

L1_SHADOW_HIT_POS104_count,             0
L1_SHADOW_HIT_POS104_pct,         -nan
L1_SHADOW_HIT_POS104_total_count,             0
L1_SHADOW_HIT_POS104_total_pct,         -nan

L1_SHADOW_HIT_POS105_count,             0
L1_SHADOW_HIT_POS105_pct,         -nan
L1_SHADOW_HIT_POS105_total_count,             0
L1_SHADOW_HIT_POS105_total_pct,         -nan

L1_SHADOW_HIT_POS106_count,             0
L1_SHADOW_HIT_POS106_pct,         -nan
L1_SHADOW_HIT_POS106_total_count,             0
L1_SHADOW_HIT_POS106_total_pct,         -nan

L1_SHADOW_HIT_POS107_count,             0
L1_SHADOW_HIT_POS107_pct,         -nan
L1_SHADOW_HIT_POS107_total_count,             0
L1_SHADOW_HIT_POS107_total_pct,         -nan

L1_SHADOW_HIT_POS108_count,             0
L1_SHADOW_HIT_POS108_pct,         -nan
L1_SHADOW_HIT_POS108_total_count,             0
L1_SHADOW_HIT_POS108_total_pct,         -nan

L1_SHADOW_HIT_POS109_count,             0
L1_SHADOW_HIT_POS109_pct,         -nan
L1_SHADOW_HIT_POS109_total_count,             0
L1_SHADOW_HIT_POS109_total_pct,         -nan

L1_SHADOW_HIT_POS110_count,             0
L1_SHADOW_HIT_POS110_pct,         -nan
L1_SHADOW_HIT_POS110_total_count,             0
L1_SHADOW_HIT_POS110_total_pct,         -nan

L1_SHADOW_HIT_POS111_count,             0
L1_SHADOW_HIT_POS111_pct,         -nan
L1_SHADOW_HIT_POS111_total_count,             0
L1_SHADOW_HIT_POS111_total_pct,         -nan

L1_SHADOW_HIT_POS112_count,             0
L1_SHADOW_HIT_POS112_pct,         -nan
L1_SHADOW_HIT_POS112_total_count,             0
L1_SHADOW_HIT_POS112_total_pct,         -nan

L1_SHADOW_HIT_POS113_count,             0
L1_SHADOW_HIT_POS113_pct,         -nan
L1_SHADOW_HIT_POS113_total_count,             0
L1_SHADOW_HIT_POS113_total_pct,         -nan

L1_SHADOW_HIT_POS114_count,             0
L1_SHADOW_HIT_POS114_pct,         -nan
L1_SHADOW_HIT_POS114_total_count,             0
L1_SHADOW_HIT_POS114_total_pct,         -nan

L1_SHADOW_HIT_POS115_count,             0
L1_SHADOW_HIT_POS115_pct,         -nan
L1_SHADOW_HIT_POS115_total_count,             0
L1_SHADOW_HIT_POS115_total_pct,         -nan

L1_SHADOW_HIT_POS116_count,             0
L1_SHADOW_HIT_POS116_pct,         -nan
L1_SHADOW_HIT_POS116_total_count,             0
L1_SHADOW_HIT_POS116_total_pct,         -nan

L1_SHADOW_HIT_POS117_count,             0
L1_SHADOW_HIT_POS117_pct,         -nan
L1_SHADOW_HIT_POS117_total_count,             0
L1_SHADOW_HIT_POS117_total_pct,         -nan

L1_SHADOW_HIT_POS118_count,             0
L1_SHADOW_HIT_POS118_pct,         -nan
L1_SHADOW_HIT_POS118_total_count,             0
L1_SHADOW_HIT_POS118_total_pct,         -nan

L1_SHADOW_HIT_POS119_count,             0
L1_SHADOW_HIT_POS119_pct,         -nan
L1_SHADOW_HIT_POS119_total_count,             0
L1_SHADOW_HIT_POS119_total_pct,         -nan

L1_SHADOW_HIT_POS120_count,             0
L1_SHADOW_HIT_POS120_pct,         -nan
L1_SHADOW_HIT_POS120_total_count,             0
L1_SHADOW_HIT_POS120_total_pct,         -nan

L1_SHADOW_HIT_POS121_count,             0
L1_SHADOW_HIT_POS121_pct,         -nan
L1_SHADOW_HIT_POS121_total_count,             0
L1_SHADOW_HIT_POS121_total_pct,         -nan

L1_SHADOW_HIT_POS122_count,             0
L1_SHADOW_HIT_POS122_pct,         -nan
L1_SHADOW_HIT_POS122_total_count,             0
L1_SHADOW_HIT_POS122_total_pct,         -nan

L1_SHADOW_HIT_POS123_count,             0
L1_SHADOW_HIT_POS123_pct,         -nan
L1_SHADOW_HIT_POS123_total_count,             0
L1_SHADOW_HIT_POS123_total_pct,         -nan

L1_SHADOW_HIT_POS124_count,             0
L1_SHADOW_HIT_POS124_pct,         -nan
L1_SHADOW_HIT_POS124_total_count,             0
L1_SHADOW_HIT_POS124_total_pct,         -nan

L1_SHADOW_HIT_POS125_count,             0
L1_SHADOW_HIT_POS125_pct,         -nan
L1_SHADOW_HIT_POS125_total_count,             0
L1_SHADOW_HIT_POS125_total_pct,         -nan

L1_SHADOW_HIT_POS126_count,             0
L1_SHADOW_HIT_POS126_pct,         -nan
L1_SHADOW_HIT_POS126_total_count,             0
L1_SHADOW_HIT_POS126_total_pct,         -nan

L1_SHADOW_HIT_POS127_count,             0
L1_SHADOW_HIT_POS127_pct,         -nan
L1_SHADOW_HIT_POS127_total_count,             0
L1_SHADOW_HIT_POS127_total_pct,         -nan
L1_SHADOW_HIT_POS127_sum_count,             0
L1_SHADOW_HIT_POS127_sum_pct,         -nan
L1_SHADOW_HIT_POS127_sum_total_count,             0
L1_SHADOW_HIT_POS127_sum_total_pct,         -nan
L1_SHADOW_HIT_POS127_mean,         -nan
L1_SHADOW_HIT_POS127_stddev,         -nan
L1_SHADOW_HIT_POS127_total_mean,         -nan
L1_SHADOW_HIT_POS127_total_stddev,         -nan

L1_SHADOW_STALLING_HIT_POS0_count,             0
L1_SHADOW_STALLING_HIT_POS0_pct,         -nan
L1_SHADOW_STALLING_HIT_POS0_total_count,             0
L1_SHADOW_STALLING_HIT_POS0_total_pct,         -nan

L1_SHADOW_STALLING_HIT_POS1_count,             0
L1_SHADOW_STALLING_HIT_POS1_pct,         -nan
L1_SHADOW_STALLING_HIT_POS1_total_count,             0
L1_SHADOW_STALLING_HIT_POS1_total_pct,         -nan

L1_SHADOW_STALLING_HIT_POS2_count,             0
L1_SHADOW_STALLING_HIT_POS2_pct,         -nan
L1_SHADOW_STALLING_HIT_POS2_total_count,             0
L1_SHADOW_STALLING_HIT_POS2_total_pct,         -nan

L1_SHADOW_STALLING_HIT_POS3_count,             0
L1_SHADOW_STALLING_HIT_POS3_pct,         -nan
L1_SHADOW_STALLING_HIT_POS3_total_count,             0
L1_SHADOW_STALLING_HIT_POS3_total_pct,         -nan

L1_SHADOW_STALLING_HIT_POS4_count,             0
L1_SHADOW_STALLING_HIT_POS4_pct,         -nan
L1_SHADOW_STALLING_HIT_POS4_total_count,             0
L1_SHADOW_STALLING_HIT_POS4_total_pct,         -nan

L1_SHADOW_STALLING_HIT_POS5_count,             0
L1_SHADOW_STALLING_HIT_POS5_pct,         -nan
L1_SHADOW_STALLING_HIT_POS5_total_count,             0
L1_SHADOW_STALLING_HIT_POS5_total_pct,         -nan

L1_SHADOW_STALLING_HIT_POS6_count,             0
L1_SHADOW_STALLING_HIT_POS6_pct,         -nan
L1_SHADOW_STALLING_HIT_POS6_total_count,             0
L1_SHADOW_STALLING_HIT_POS6_total_pct,         -nan

L1_SHADOW_STALLING_HIT_POS7_count,             0
L1_SHADOW_STALLING_HIT_POS7_pct,         -nan
L1_SHADOW_STALLING_HIT_POS7_total_count,             0
L1_SHADOW_STALLING_HIT_POS7_total_pct,         -nan

L1_SHADOW_STALLING_HIT_POS8_count,             0
L1_SHADOW_STALLING_HIT_POS8_pct,         -nan
L1_SHADOW_STALLING_HIT_POS8_total_count,             0
L1_SHADOW_STALLING_HIT_POS8_total_pct,         -nan

L1_SHADOW_STALLING_HIT_POS9_count,             0
L1_SHADOW_STALLING_HIT_POS9_pct,         -nan
L1_SHADOW_STALLING_HIT_POS9_total_count,             0
L1_SHADOW_STALLING_HIT_POS9_total_pct,         -nan

L1_SHADOW_STALLING_HIT_POS10_count,             0
L1_SHADOW_STALLING_HIT_POS10_pct,         -nan
L1_SHADOW_STALLING_HIT_POS10_total_count,             0
L1_SHADOW_STALLING_HIT_POS10_total_pct,         -nan

L1_SHADOW_STALLING_HIT_POS11_count,             0
L1_SHADOW_STALLING_HIT_POS11_pct,         -nan
L1_SHADOW_STALLING_HIT_POS11_total_count,             0
L1_SHADOW_STALLING_HIT_POS11_total_pct,         -nan

L1_SHADOW_STALLING_HIT_POS12_count,             0
L1_SHADOW_STALLING_HIT_POS12_pct,         -nan
L1_SHADOW_STALLING_HIT_POS12_total_count,             0
L1_SHADOW_STALLING_HIT_POS12_total_pct,         -nan

L1_SHADOW_STALLING_HIT_POS13_count,             0
L1_SHADOW_STALLING_HIT_POS13_pct,         -nan
L1_SHADOW_STALLING_HIT_POS13_total_count,             0
L1_SHADOW_STALLING_HIT_POS13_total_pct,         -nan

L1_SHADOW_STALLING_HIT_POS14_count,             0
L1_SHADOW_STALLING_HIT_POS14_pct,         -nan
L1_SHADOW_STALLING_HIT_POS14_total_count,             0
L1_SHADOW_STALLING_HIT_POS14_total_pct,         -nan

L1_SHADOW_STALLING_HIT_POS15_count,             0
L1_SHADOW_STALLING_HIT_POS15_pct,         -nan
L1_SHADOW_STALLING_HIT_POS15_total_count,             0
L1_SHADOW_STALLING_HIT_POS15_total_pct,         -nan

L1_SHADOW_STALLING_HIT_POS16_count,             0
L1_SHADOW_STALLING_HIT_POS16_pct,         -nan
L1_SHADOW_STALLING_HIT_POS16_total_count,             0
L1_SHADOW_STALLING_HIT_POS16_total_pct,         -nan

L1_SHADOW_STALLING_HIT_POS17_count,             0
L1_SHADOW_STALLING_HIT_POS17_pct,         -nan
L1_SHADOW_STALLING_HIT_POS17_total_count,             0
L1_SHADOW_STALLING_HIT_POS17_total_pct,         -nan

L1_SHADOW_STALLING_HIT_POS18_count,             0
L1_SHADOW_STALLING_HIT_POS18_pct,         -nan
L1_SHADOW_STALLING_HIT_POS18_total_count,             0
L1_SHADOW_STALLING_HIT_POS18_total_pct,         -nan

L1_SHADOW_STALLING_HIT_POS19_count,             0
L1_SHADOW_STALLING_HIT_POS19_pct,         -nan
L1_SHADOW_STALLING_HIT_POS19_total_count,             0
L1_SHADOW_STALLING_HIT_POS19_total_pct,         -nan

L1_SHADOW_STALLING_HIT_POS20_count,             0
L1_SHADOW_STALLING_HIT_POS20_pct,         -nan
L1_SHADOW_STALLING_HIT_POS20_total_count,             0
L1_SHADOW_STALLING_HIT_POS20_total_pct,         -nan

L1_SHADOW_STALLING_HIT_POS21_count,             0
L1_SHADOW_STALLING_HIT_POS21_pct,         -nan
L1_SHADOW_STALLING_HIT_POS21_total_count,             0
L1_SHADOW_STALLING_HIT_POS21_total_pct,         -nan

L1_SHADOW_STALLING_HIT_POS22_count,             0
L1_SHADOW_STALLING_HIT_POS22_pct,         -nan
L1_SHADOW_STALLING_HIT_POS22_total_count,             0
L1_SHADOW_STALLING_HIT_POS22_total_pct,         -nan

L1_SHADOW_STALLING_HIT_POS23_count,             0
L1_SHADOW_STALLING_HIT_POS23_pct,         -nan
L1_SHADOW_STALLING_HIT_POS23_total_count,             0
L1_SHADOW_STALLING_HIT_POS23_total_pct,         -nan

L1_SHADOW_STALLING_HIT_POS24_count,             0
L1_SHADOW_STALLING_HIT_POS24_pct,         -nan
L1_SHADOW_STALLING_HIT_POS24_total_count,             0
L1_SHADOW_STALLING_HIT_POS24_total_pct,         -nan

L1_SHADOW_STALLING_HIT_POS25_count,             0
L1_SHADOW_STALLING_HIT_POS25_pct,         -nan
L1_SHADOW_STALLING_HIT_POS25_total_count,             0
L1_SHADOW_STALLING_HIT_POS25_total_pct,         -nan

L1_SHADOW_STALLING_HIT_POS26_count,             0
L1_SHADOW_STALLING_HIT_POS26_pct,         -nan
L1_SHADOW_STALLING_HIT_POS26_total_count,             0
L1_SHADOW_STALLING_HIT_POS26_total_pct,         -nan

L1_SHADOW_STALLING_HIT_POS27_count,             0
L1_SHADOW_STALLING_HIT_POS27_pct,         -nan
L1_SHADOW_STALLING_HIT_POS27_total_count,             0
L1_SHADOW_STALLING_HIT_POS27_total_pct,         -nan

L1_SHADOW_STALLING_HIT_POS28_count,             0
L1_SHADOW_STALLING_HIT_POS28_pct,         -nan
L1_SHADOW_STALLING_HIT_POS28_total_count,             0
L1_SHADOW_STALLING_HIT_POS28_total_pct,         -nan

L1_SHADOW_STALLING_HIT_POS29_count,             0
L1_SHADOW_STALLING_HIT_POS29_pct,         -nan
L1_SHADOW_STALLING_HIT_POS29_total_count,             0
L1_SHADOW_STALLING_HIT_POS29_total_pct,         -nan

L1_SHADOW_STALLING_HIT_POS30_count,             0
L1_SHADOW_STALLING_HIT_POS30_pct,         -nan
L1_SHADOW_STALLING_HIT_POS30_total_count,             0
L1_SHADOW_STALLING_HIT_POS30_total_pct,         -nan

L1_SHADOW_STALLING_HIT_POS31_count,             0
L1_SHADOW_STALLING_HIT_POS31_pct,         -nan
L1_SHADOW_STALLING_HIT_POS31_total_count,             0
L1_SHADOW_STALLING_HIT_POS31_total_pct,         -nan

L1_SHADOW_STALLING_HIT_POS32_count,             0
L1_SHADOW_STALLING_HIT_POS32_pct,         -nan
L1_SHADOW_STALLING_HIT_POS32_total_count,             0
L1_SHADOW_STALLING_HIT_POS32_total_pct,         -nan

L1_SHADOW_STALLING_HIT_POS33_count,             0
L1_SHADOW_STALLING_HIT_POS33_pct,         -nan
L1_SHADOW_STALLING_HIT_POS33_total_count,             0
L1_SHADOW_STALLING_HIT_POS33_total_pct,         -nan

L1_SHADOW_STALLING_HIT_POS34_count,             0
L1_SHADOW_STALLING_HIT_POS34_pct,         -nan
L1_SHADOW_STALLING_HIT_POS34_total_count,             0
L1_SHADOW_STALLING_HIT_POS34_total_pct,         -nan

L1_SHADOW_STALLING_HIT_POS35_count,             0
L1_SHADOW_STALLING_HIT_POS35_pct,         -nan
L1_SHADOW_STALLING_HIT_POS35_total_count,             0
L1_SHADOW_STALLING_HIT_POS35_total_pct,         -nan

L1_SHADOW_STALLING_HIT_POS36_count,             0
L1_SHADOW_STALLING_HIT_POS36_pct,         -nan
L1_SHADOW_STALLING_HIT_POS36_total_count,             0
L1_SHADOW_STALLING_HIT_POS36_total_pct,         -nan

L1_SHADOW_STALLING_HIT_POS37_count,             0
L1_SHADOW_STALLING_HIT_POS37_pct,         -nan
L1_SHADOW_STALLING_HIT_POS37_total_count,             0
L1_SHADOW_STALLING_HIT_POS37_total_pct,         -nan

L1_SHADOW_STALLING_HIT_POS38_count,             0
L1_SHADOW_STALLING_HIT_POS38_pct,         -nan
L1_SHADOW_STALLING_HIT_POS38_total_count,             0
L1_SHADOW_STALLING_HIT_POS38_total_pct,         -nan

L1_SHADOW_STALLING_HIT_POS39_count,             0
L1_SHADOW_STALLING_HIT_POS39_pct,         -nan
L1_SHADOW_STALLING_HIT_POS39_total_count,             0
L1_SHADOW_STALLING_HIT_POS39_total_pct,         -nan

L1_SHADOW_STALLING_HIT_POS40_count,             0
L1_SHADOW_STALLING_HIT_POS40_pct,         -nan
L1_SHADOW_STALLING_HIT_POS40_total_count,             0
L1_SHADOW_STALLING_HIT_POS40_total_pct,         -nan

L1_SHADOW_STALLING_HIT_POS41_count,             0
L1_SHADOW_STALLING_HIT_POS41_pct,         -nan
L1_SHADOW_STALLING_HIT_POS41_total_count,             0
L1_SHADOW_STALLING_HIT_POS41_total_pct,         -nan

L1_SHADOW_STALLING_HIT_POS42_count,             0
L1_SHADOW_STALLING_HIT_POS42_pct,         -nan
L1_SHADOW_STALLING_HIT_POS42_total_count,             0
L1_SHADOW_STALLING_HIT_POS42_total_pct,         -nan

L1_SHADOW_STALLING_HIT_POS43_count,             0
L1_SHADOW_STALLING_HIT_POS43_pct,         -nan
L1_SHADOW_STALLING_HIT_POS43_total_count,             0
L1_SHADOW_STALLING_HIT_POS43_total_pct,         -nan

L1_SHADOW_STALLING_HIT_POS44_count,             0
L1_SHADOW_STALLING_HIT_POS44_pct,         -nan
L1_SHADOW_STALLING_HIT_POS44_total_count,             0
L1_SHADOW_STALLING_HIT_POS44_total_pct,         -nan

L1_SHADOW_STALLING_HIT_POS45_count,             0
L1_SHADOW_STALLING_HIT_POS45_pct,         -nan
L1_SHADOW_STALLING_HIT_POS45_total_count,             0
L1_SHADOW_STALLING_HIT_POS45_total_pct,         -nan

L1_SHADOW_STALLING_HIT_POS46_count,             0
L1_SHADOW_STALLING_HIT_POS46_pct,         -nan
L1_SHADOW_STALLING_HIT_POS46_total_count,             0
L1_SHADOW_STALLING_HIT_POS46_total_pct,         -nan

L1_SHADOW_STALLING_HIT_POS47_count,             0
L1_SHADOW_STALLING_HIT_POS47_pct,         -nan
L1_SHADOW_STALLING_HIT_POS47_total_count,             0
L1_SHADOW_STALLING_HIT_POS47_total_pct,         -nan

L1_SHADOW_STALLING_HIT_POS48_count,             0
L1_SHADOW_STALLING_HIT_POS48_pct,         -nan
L1_SHADOW_STALLING_HIT_POS48_total_count,             0
L1_SHADOW_STALLING_HIT_POS48_total_pct,         -nan

L1_SHADOW_STALLING_HIT_POS49_count,             0
L1_SHADOW_STALLING_HIT_POS49_pct,         -nan
L1_SHADOW_STALLING_HIT_POS49_total_count,             0
L1_SHADOW_STALLING_HIT_POS49_total_pct,         -nan

L1_SHADOW_STALLING_HIT_POS50_count,             0
L1_SHADOW_STALLING_HIT_POS50_pct,         -nan
L1_SHADOW_STALLING_HIT_POS50_total_count,             0
L1_SHADOW_STALLING_HIT_POS50_total_pct,         -nan

L1_SHADOW_STALLING_HIT_POS51_count,             0
L1_SHADOW_STALLING_HIT_POS51_pct,         -nan
L1_SHADOW_STALLING_HIT_POS51_total_count,             0
L1_SHADOW_STALLING_HIT_POS51_total_pct,         -nan

L1_SHADOW_STALLING_HIT_POS52_count,             0
L1_SHADOW_STALLING_HIT_POS52_pct,         -nan
L1_SHADOW_STALLING_HIT_POS52_total_count,             0
L1_SHADOW_STALLING_HIT_POS52_total_pct,         -nan

L1_SHADOW_STALLING_HIT_POS53_count,             0
L1_SHADOW_STALLING_HIT_POS53_pct,         -nan
L1_SHADOW_STALLING_HIT_POS53_total_count,             0
L1_SHADOW_STALLING_HIT_POS53_total_pct,         -nan

L1_SHADOW_STALLING_HIT_POS54_count,             0
L1_SHADOW_STALLING_HIT_POS54_pct,         -nan
L1_SHADOW_STALLING_HIT_POS54_total_count,             0
L1_SHADOW_STALLING_HIT_POS54_total_pct,         -nan

L1_SHADOW_STALLING_HIT_POS55_count,             0
L1_SHADOW_STALLING_HIT_POS55_pct,         -nan
L1_SHADOW_STALLING_HIT_POS55_total_count,             0
L1_SHADOW_STALLING_HIT_POS55_total_pct,         -nan

L1_SHADOW_STALLING_HIT_POS56_count,             0
L1_SHADOW_STALLING_HIT_POS56_pct,         -nan
L1_SHADOW_STALLING_HIT_POS56_total_count,             0
L1_SHADOW_STALLING_HIT_POS56_total_pct,         -nan

L1_SHADOW_STALLING_HIT_POS57_count,             0
L1_SHADOW_STALLING_HIT_POS57_pct,         -nan
L1_SHADOW_STALLING_HIT_POS57_total_count,             0
L1_SHADOW_STALLING_HIT_POS57_total_pct,         -nan

L1_SHADOW_STALLING_HIT_POS58_count,             0
L1_SHADOW_STALLING_HIT_POS58_pct,         -nan
L1_SHADOW_STALLING_HIT_POS58_total_count,             0
L1_SHADOW_STALLING_HIT_POS58_total_pct,         -nan

L1_SHADOW_STALLING_HIT_POS59_count,             0
L1_SHADOW_STALLING_HIT_POS59_pct,         -nan
L1_SHADOW_STALLING_HIT_POS59_total_count,             0
L1_SHADOW_STALLING_HIT_POS59_total_pct,         -nan

L1_SHADOW_STALLING_HIT_POS60_count,             0
L1_SHADOW_STALLING_HIT_POS60_pct,         -nan
L1_SHADOW_STALLING_HIT_POS60_total_count,             0
L1_SHADOW_STALLING_HIT_POS60_total_pct,         -nan

L1_SHADOW_STALLING_HIT_POS61_count,             0
L1_SHADOW_STALLING_HIT_POS61_pct,         -nan
L1_SHADOW_STALLING_HIT_POS61_total_count,             0
L1_SHADOW_STALLING_HIT_POS61_total_pct,         -nan

L1_SHADOW_STALLING_HIT_POS62_count,             0
L1_SHADOW_STALLING_HIT_POS62_pct,         -nan
L1_SHADOW_STALLING_HIT_POS62_total_count,             0
L1_SHADOW_STALLING_HIT_POS62_total_pct,         -nan

L1_SHADOW_STALLING_HIT_POS63_count,             0
L1_SHADOW_STALLING_HIT_POS63_pct,         -nan
L1_SHADOW_STALLING_HIT_POS63_total_count,             0
L1_SHADOW_STALLING_HIT_POS63_total_pct,         -nan

L1_SHADOW_STALLING_HIT_POS64_count,             0
L1_SHADOW_STALLING_HIT_POS64_pct,         -nan
L1_SHADOW_STALLING_HIT_POS64_total_count,             0
L1_SHADOW_STALLING_HIT_POS64_total_pct,         -nan

L1_SHADOW_STALLING_HIT_POS65_count,             0
L1_SHADOW_STALLING_HIT_POS65_pct,         -nan
L1_SHADOW_STALLING_HIT_POS65_total_count,             0
L1_SHADOW_STALLING_HIT_POS65_total_pct,         -nan

L1_SHADOW_STALLING_HIT_POS66_count,             0
L1_SHADOW_STALLING_HIT_POS66_pct,         -nan
L1_SHADOW_STALLING_HIT_POS66_total_count,             0
L1_SHADOW_STALLING_HIT_POS66_total_pct,         -nan

L1_SHADOW_STALLING_HIT_POS67_count,             0
L1_SHADOW_STALLING_HIT_POS67_pct,         -nan
L1_SHADOW_STALLING_HIT_POS67_total_count,             0
L1_SHADOW_STALLING_HIT_POS67_total_pct,         -nan

L1_SHADOW_STALLING_HIT_POS68_count,             0
L1_SHADOW_STALLING_HIT_POS68_pct,         -nan
L1_SHADOW_STALLING_HIT_POS68_total_count,             0
L1_SHADOW_STALLING_HIT_POS68_total_pct,         -nan

L1_SHADOW_STALLING_HIT_POS69_count,             0
L1_SHADOW_STALLING_HIT_POS69_pct,         -nan
L1_SHADOW_STALLING_HIT_POS69_total_count,             0
L1_SHADOW_STALLING_HIT_POS69_total_pct,         -nan

L1_SHADOW_STALLING_HIT_POS70_count,             0
L1_SHADOW_STALLING_HIT_POS70_pct,         -nan
L1_SHADOW_STALLING_HIT_POS70_total_count,             0
L1_SHADOW_STALLING_HIT_POS70_total_pct,         -nan

L1_SHADOW_STALLING_HIT_POS71_count,             0
L1_SHADOW_STALLING_HIT_POS71_pct,         -nan
L1_SHADOW_STALLING_HIT_POS71_total_count,             0
L1_SHADOW_STALLING_HIT_POS71_total_pct,         -nan

L1_SHADOW_STALLING_HIT_POS72_count,             0
L1_SHADOW_STALLING_HIT_POS72_pct,         -nan
L1_SHADOW_STALLING_HIT_POS72_total_count,             0
L1_SHADOW_STALLING_HIT_POS72_total_pct,         -nan

L1_SHADOW_STALLING_HIT_POS73_count,             0
L1_SHADOW_STALLING_HIT_POS73_pct,         -nan
L1_SHADOW_STALLING_HIT_POS73_total_count,             0
L1_SHADOW_STALLING_HIT_POS73_total_pct,         -nan

L1_SHADOW_STALLING_HIT_POS74_count,             0
L1_SHADOW_STALLING_HIT_POS74_pct,         -nan
L1_SHADOW_STALLING_HIT_POS74_total_count,             0
L1_SHADOW_STALLING_HIT_POS74_total_pct,         -nan

L1_SHADOW_STALLING_HIT_POS75_count,             0
L1_SHADOW_STALLING_HIT_POS75_pct,         -nan
L1_SHADOW_STALLING_HIT_POS75_total_count,             0
L1_SHADOW_STALLING_HIT_POS75_total_pct,         -nan

L1_SHADOW_STALLING_HIT_POS76_count,             0
L1_SHADOW_STALLING_HIT_POS76_pct,         -nan
L1_SHADOW_STALLING_HIT_POS76_total_count,             0
L1_SHADOW_STALLING_HIT_POS76_total_pct,         -nan

L1_SHADOW_STALLING_HIT_POS77_count,             0
L1_SHADOW_STALLING_HIT_POS77_pct,         -nan
L1_SHADOW_STALLING_HIT_POS77_total_count,             0
L1_SHADOW_STALLING_HIT_POS77_total_pct,         -nan

L1_SHADOW_STALLING_HIT_POS78_count,             0
L1_SHADOW_STALLING_HIT_POS78_pct,         -nan
L1_SHADOW_STALLING_HIT_POS78_total_count,             0
L1_SHADOW_STALLING_HIT_POS78_total_pct,         -nan

L1_SHADOW_STALLING_HIT_POS79_count,             0
L1_SHADOW_STALLING_HIT_POS79_pct,         -nan
L1_SHADOW_STALLING_HIT_POS79_total_count,             0
L1_SHADOW_STALLING_HIT_POS79_total_pct,         -nan

L1_SHADOW_STALLING_HIT_POS80_count,             0
L1_SHADOW_STALLING_HIT_POS80_pct,         -nan
L1_SHADOW_STALLING_HIT_POS80_total_count,             0
L1_SHADOW_STALLING_HIT_POS80_total_pct,         -nan

L1_SHADOW_STALLING_HIT_POS81_count,             0
L1_SHADOW_STALLING_HIT_POS81_pct,         -nan
L1_SHADOW_STALLING_HIT_POS81_total_count,             0
L1_SHADOW_STALLING_HIT_POS81_total_pct,         -nan

L1_SHADOW_STALLING_HIT_POS82_count,             0
L1_SHADOW_STALLING_HIT_POS82_pct,         -nan
L1_SHADOW_STALLING_HIT_POS82_total_count,             0
L1_SHADOW_STALLING_HIT_POS82_total_pct,         -nan

L1_SHADOW_STALLING_HIT_POS83_count,             0
L1_SHADOW_STALLING_HIT_POS83_pct,         -nan
L1_SHADOW_STALLING_HIT_POS83_total_count,             0
L1_SHADOW_STALLING_HIT_POS83_total_pct,         -nan

L1_SHADOW_STALLING_HIT_POS84_count,             0
L1_SHADOW_STALLING_HIT_POS84_pct,         -nan
L1_SHADOW_STALLING_HIT_POS84_total_count,             0
L1_SHADOW_STALLING_HIT_POS84_total_pct,         -nan

L1_SHADOW_STALLING_HIT_POS85_count,             0
L1_SHADOW_STALLING_HIT_POS85_pct,         -nan
L1_SHADOW_STALLING_HIT_POS85_total_count,             0
L1_SHADOW_STALLING_HIT_POS85_total_pct,         -nan

L1_SHADOW_STALLING_HIT_POS86_count,             0
L1_SHADOW_STALLING_HIT_POS86_pct,         -nan
L1_SHADOW_STALLING_HIT_POS86_total_count,             0
L1_SHADOW_STALLING_HIT_POS86_total_pct,         -nan

L1_SHADOW_STALLING_HIT_POS87_count,             0
L1_SHADOW_STALLING_HIT_POS87_pct,         -nan
L1_SHADOW_STALLING_HIT_POS87_total_count,             0
L1_SHADOW_STALLING_HIT_POS87_total_pct,         -nan

L1_SHADOW_STALLING_HIT_POS88_count,             0
L1_SHADOW_STALLING_HIT_POS88_pct,         -nan
L1_SHADOW_STALLING_HIT_POS88_total_count,             0
L1_SHADOW_STALLING_HIT_POS88_total_pct,         -nan

L1_SHADOW_STALLING_HIT_POS89_count,             0
L1_SHADOW_STALLING_HIT_POS89_pct,         -nan
L1_SHADOW_STALLING_HIT_POS89_total_count,             0
L1_SHADOW_STALLING_HIT_POS89_total_pct,         -nan

L1_SHADOW_STALLING_HIT_POS90_count,             0
L1_SHADOW_STALLING_HIT_POS90_pct,         -nan
L1_SHADOW_STALLING_HIT_POS90_total_count,             0
L1_SHADOW_STALLING_HIT_POS90_total_pct,         -nan

L1_SHADOW_STALLING_HIT_POS91_count,             0
L1_SHADOW_STALLING_HIT_POS91_pct,         -nan
L1_SHADOW_STALLING_HIT_POS91_total_count,             0
L1_SHADOW_STALLING_HIT_POS91_total_pct,         -nan

L1_SHADOW_STALLING_HIT_POS92_count,             0
L1_SHADOW_STALLING_HIT_POS92_pct,         -nan
L1_SHADOW_STALLING_HIT_POS92_total_count,             0
L1_SHADOW_STALLING_HIT_POS92_total_pct,         -nan

L1_SHADOW_STALLING_HIT_POS93_count,             0
L1_SHADOW_STALLING_HIT_POS93_pct,         -nan
L1_SHADOW_STALLING_HIT_POS93_total_count,             0
L1_SHADOW_STALLING_HIT_POS93_total_pct,         -nan

L1_SHADOW_STALLING_HIT_POS94_count,             0
L1_SHADOW_STALLING_HIT_POS94_pct,         -nan
L1_SHADOW_STALLING_HIT_POS94_total_count,             0
L1_SHADOW_STALLING_HIT_POS94_total_pct,         -nan

L1_SHADOW_STALLING_HIT_POS95_count,             0
L1_SHADOW_STALLING_HIT_POS95_pct,         -nan
L1_SHADOW_STALLING_HIT_POS95_total_count,             0
L1_SHADOW_STALLING_HIT_POS95_total_pct,         -nan

L1_SHADOW_STALLING_HIT_POS96_count,             0
L1_SHADOW_STALLING_HIT_POS96_pct,         -nan
L1_SHADOW_STALLING_HIT_POS96_total_count,             0
L1_SHADOW_STALLING_HIT_POS96_total_pct,         -nan

L1_SHADOW_STALLING_HIT_POS97_count,             0
L1_SHADOW_STALLING_HIT_POS97_pct,         -nan
L1_SHADOW_STALLING_HIT_POS97_total_count,             0
L1_SHADOW_STALLING_HIT_POS97_total_pct,         -nan

L1_SHADOW_STALLING_HIT_POS98_count,             0
L1_SHADOW_STALLING_HIT_POS98_pct,         -nan
L1_SHADOW_STALLING_HIT_POS98_total_count,             0
L1_SHADOW_STALLING_HIT_POS98_total_pct,         -nan

L1_SHADOW_STALLING_HIT_POS99_count,             0
L1_SHADOW_STALLING_HIT_POS99_pct,         -nan
L1_SHADOW_STALLING_HIT_POS99_total_count,             0
L1_SHADOW_STALLING_HIT_POS99_total_pct,         -nan

L1_SHADOW_STALLING_HIT_POS100_count,             0
L1_SHADOW_STALLING_HIT_POS100_pct,         -nan
L1_SHADOW_STALLING_HIT_POS100_total_count,             0
L1_SHADOW_STALLING_HIT_POS100_total_pct,         -nan

L1_SHADOW_STALLING_HIT_POS101_count,             0
L1_SHADOW_STALLING_HIT_POS101_pct,         -nan
L1_SHADOW_STALLING_HIT_POS101_total_count,             0
L1_SHADOW_STALLING_HIT_POS101_total_pct,         -nan

L1_SHADOW_STALLING_HIT_POS102_count,             0
L1_SHADOW_STALLING_HIT_POS102_pct,         -nan
L1_SHADOW_STALLING_HIT_POS102_total_count,             0
L1_SHADOW_STALLING_HIT_POS102_total_pct,         -nan

L1_SHADOW_STALLING_HIT_POS103_count,             0
L1_SHADOW_STALLING_HIT_POS103_pct,         -nan
L1_SHADOW_STALLING_HIT_POS103_total_count,             0
L1_SHADOW_STALLING_HIT_POS103_total_pct,         -nan

L1_SHADOW_STALLING_HIT_POS104_count,             0
L1_SHADOW_STALLING_HIT_POS104_pct,         -nan
L1_SHADOW_STALLING_HIT_POS104_total_count,             0
L1_SHADOW_STALLING_HIT_POS104_total_pct,         -nan

L1_SHADOW_STALLING_HIT_POS105_count,             0
L1_SHADOW_STALLING_HIT_POS105_pct,         -nan
L1_SHADOW_STALLING_HIT_POS105_total_count,             0
L1_SHADOW_STALLING_HIT_POS105_total_pct,         -nan

L1_SHADOW_STALLING_HIT_POS106_count,             0
L1_SHADOW_STALLING_HIT_POS106_pct,         -nan
L1_SHADOW_STALLING_HIT_POS106_total_count,             0
L1_SHADOW_STALLING_HIT_POS106_total_pct,         -nan

L1_SHADOW_STALLING_HIT_POS107_count,             0
L1_SHADOW_STALLING_HIT_POS107_pct,         -nan
L1_SHADOW_STALLING_HIT_POS107_total_count,             0
L1_SHADOW_STALLING_HIT_POS107_total_pct,         -nan

L1_SHADOW_STALLING_HIT_POS108_count,             0
L1_SHADOW_STALLING_HIT_POS108_pct,         -nan
L1_SHADOW_STALLING_HIT_POS108_total_count,             0
L1_SHADOW_STALLING_HIT_POS108_total_pct,         -nan

L1_SHADOW_STALLING_HIT_POS109_count,             0
L1_SHADOW_STALLING_HIT_POS109_pct,         -nan
L1_SHADOW_STALLING_HIT_POS109_total_count,             0
L1_SHADOW_STALLING_HIT_POS109_total_pct,         -nan

L1_SHADOW_STALLING_HIT_POS110_count,             0
L1_SHADOW_STALLING_HIT_POS110_pct,         -nan
L1_SHADOW_STALLING_HIT_POS110_total_count,             0
L1_SHADOW_STALLING_HIT_POS110_total_pct,         -nan

L1_SHADOW_STALLING_HIT_POS111_count,             0
L1_SHADOW_STALLING_HIT_POS111_pct,         -nan
L1_SHADOW_STALLING_HIT_POS111_total_count,             0
L1_SHADOW_STALLING_HIT_POS111_total_pct,         -nan

L1_SHADOW_STALLING_HIT_POS112_count,             0
L1_SHADOW_STALLING_HIT_POS112_pct,         -nan
L1_SHADOW_STALLING_HIT_POS112_total_count,             0
L1_SHADOW_STALLING_HIT_POS112_total_pct,         -nan

L1_SHADOW_STALLING_HIT_POS113_count,             0
L1_SHADOW_STALLING_HIT_POS113_pct,         -nan
L1_SHADOW_STALLING_HIT_POS113_total_count,             0
L1_SHADOW_STALLING_HIT_POS113_total_pct,         -nan

L1_SHADOW_STALLING_HIT_POS114_count,             0
L1_SHADOW_STALLING_HIT_POS114_pct,         -nan
L1_SHADOW_STALLING_HIT_POS114_total_count,             0
L1_SHADOW_STALLING_HIT_POS114_total_pct,         -nan

L1_SHADOW_STALLING_HIT_POS115_count,             0
L1_SHADOW_STALLING_HIT_POS115_pct,         -nan
L1_SHADOW_STALLING_HIT_POS115_total_count,             0
L1_SHADOW_STALLING_HIT_POS115_total_pct,         -nan

L1_SHADOW_STALLING_HIT_POS116_count,             0
L1_SHADOW_STALLING_HIT_POS116_pct,         -nan
L1_SHADOW_STALLING_HIT_POS116_total_count,             0
L1_SHADOW_STALLING_HIT_POS116_total_pct,         -nan

L1_SHADOW_STALLING_HIT_POS117_count,             0
L1_SHADOW_STALLING_HIT_POS117_pct,         -nan
L1_SHADOW_STALLING_HIT_POS117_total_count,             0
L1_SHADOW_STALLING_HIT_POS117_total_pct,         -nan

L1_SHADOW_STALLING_HIT_POS118_count,             0
L1_SHADOW_STALLING_HIT_POS118_pct,         -nan
L1_SHADOW_STALLING_HIT_POS118_total_count,             0
L1_SHADOW_STALLING_HIT_POS118_total_pct,         -nan

L1_SHADOW_STALLING_HIT_POS119_count,             0
L1_SHADOW_STALLING_HIT_POS119_pct,         -nan
L1_SHADOW_STALLING_HIT_POS119_total_count,             0
L1_SHADOW_STALLING_HIT_POS119_total_pct,         -nan

L1_SHADOW_STALLING_HIT_POS120_count,             0
L1_SHADOW_STALLING_HIT_POS120_pct,         -nan
L1_SHADOW_STALLING_HIT_POS120_total_count,             0
L1_SHADOW_STALLING_HIT_POS120_total_pct,         -nan

L1_SHADOW_STALLING_HIT_POS121_count,             0
L1_SHADOW_STALLING_HIT_POS121_pct,         -nan
L1_SHADOW_STALLING_HIT_POS121_total_count,             0
L1_SHADOW_STALLING_HIT_POS121_total_pct,         -nan

L1_SHADOW_STALLING_HIT_POS122_count,             0
L1_SHADOW_STALLING_HIT_POS122_pct,         -nan
L1_SHADOW_STALLING_HIT_POS122_total_count,             0
L1_SHADOW_STALLING_HIT_POS122_total_pct,         -nan

L1_SHADOW_STALLING_HIT_POS123_count,             0
L1_SHADOW_STALLING_HIT_POS123_pct,         -nan
L1_SHADOW_STALLING_HIT_POS123_total_count,             0
L1_SHADOW_STALLING_HIT_POS123_total_pct,         -nan

L1_SHADOW_STALLING_HIT_POS124_count,             0
L1_SHADOW_STALLING_HIT_POS124_pct,         -nan
L1_SHADOW_STALLING_HIT_POS124_total_count,             0
L1_SHADOW_STALLING_HIT_POS124_total_pct,         -nan

L1_SHADOW_STALLING_HIT_POS125_count,             0
L1_SHADOW_STALLING_HIT_POS125_pct,         -nan
L1_SHADOW_STALLING_HIT_POS125_total_count,             0
L1_SHADOW_STALLING_HIT_POS125_total_pct,         -nan

L1_SHADOW_STALLING_HIT_POS126_count,             0
L1_SHADOW_STALLING_HIT_POS126_pct,         -nan
L1_SHADOW_STALLING_HIT_POS126_total_count,             0
L1_SHADOW_STALLING_HIT_POS126_total_pct,         -nan

L1_SHADOW_STALLING_HIT_POS127_count,             0
L1_SHADOW_STALLING_HIT_POS127_pct,         -nan
L1_SHADOW_STALLING_HIT_POS127_total_count,             0
L1_SHADOW_STALLING_HIT_POS127_total_pct,         -nan
L1_SHADOW_STALLING_HIT_POS127_sum_count,             0
L1_SHADOW_STALLING_HIT_POS127_sum_pct,         -nan
L1_SHADOW_STALLING_HIT_POS127_sum_total_count,             0
L1_SHADOW_STALLING_HIT_POS127_sum_total_pct,         -nan
L1_SHADOW_STALLING_HIT_POS127_mean,         -nan
L1_SHADOW_STALLING_HIT_POS127_stddev,         -nan
L1_SHADOW_STALLING_HIT_POS127_total_mean,         -nan
L1_SHADOW_STALLING_HIT_POS127_total_stddev,         -nan

L1_SHADOW_DEMAND_HIT_POS0_count,             0
L1_SHADOW_DEMAND_HIT_POS0_pct,         -nan
L1_SHADOW_DEMAND_HIT_POS0_total_count,             0
L1_SHADOW_DEMAND_HIT_POS0_total_pct,         -nan

L1_SHADOW_DEMAND_HIT_POS1_count,             0
L1_SHADOW_DEMAND_HIT_POS1_pct,         -nan
L1_SHADOW_DEMAND_HIT_POS1_total_count,             0
L1_SHADOW_DEMAND_HIT_POS1_total_pct,         -nan

L1_SHADOW_DEMAND_HIT_POS2_count,             0
L1_SHADOW_DEMAND_HIT_POS2_pct,         -nan
L1_SHADOW_DEMAND_HIT_POS2_total_count,             0
L1_SHADOW_DEMAND_HIT_POS2_total_pct,         -nan

L1_SHADOW_DEMAND_HIT_POS3_count,             0
L1_SHADOW_DEMAND_HIT_POS3_pct,         -nan
L1_SHADOW_DEMAND_HIT_POS3_total_count,             0
L1_SHADOW_DEMAND_HIT_POS3_total_pct,         -nan

L1_SHADOW_DEMAND_HIT_POS4_count,             0
L1_SHADOW_DEMAND_HIT_POS4_pct,         -nan
L1_SHADOW_DEMAND_HIT_POS4_total_count,             0
L1_SHADOW_DEMAND_HIT_POS4_total_pct,         -nan

L1_SHADOW_DEMAND_HIT_POS5_count,             0
L1_SHADOW_DEMAND_HIT_POS5_pct,         -nan
L1_SHADOW_DEMAND_HIT_POS5_total_count,             0
L1_SHADOW_DEMAND_HIT_POS5_total_pct,         -nan

L1_SHADOW_DEMAND_HIT_POS6_count,             0
L1_SHADOW_DEMAND_HIT_POS6_pct,         -nan
L1_SHADOW_DEMAND_HIT_POS6_total_count,             0
L1_SHADOW_DEMAND_HIT_POS6_total_pct,         -nan

L1_SHADOW_DEMAND_HIT_POS7_count,             0
L1_SHADOW_DEMAND_HIT_POS7_pct,         -nan
L1_SHADOW_DEMAND_HIT_POS7_total_count,             0
L1_SHADOW_DEMAND_HIT_POS7_total_pct,         -nan

L1_SHADOW_DEMAND_HIT_POS8_count,             0
L1_SHADOW_DEMAND_HIT_POS8_pct,         -nan
L1_SHADOW_DEMAND_HIT_POS8_total_count,             0
L1_SHADOW_DEMAND_HIT_POS8_total_pct,         -nan

L1_SHADOW_DEMAND_HIT_POS9_count,             0
L1_SHADOW_DEMAND_HIT_POS9_pct,         -nan
L1_SHADOW_DEMAND_HIT_POS9_total_count,             0
L1_SHADOW_DEMAND_HIT_POS9_total_pct,         -nan

L1_SHADOW_DEMAND_HIT_POS10_count,             0
L1_SHADOW_DEMAND_HIT_POS10_pct,         -nan
L1_SHADOW_DEMAND_HIT_POS10_total_count,             0
L1_SHADOW_DEMAND_HIT_POS10_total_pct,         -nan

L1_SHADOW_DEMAND_HIT_POS11_count,             0
L1_SHADOW_DEMAND_HIT_POS11_pct,         -nan
L1_SHADOW_DEMAND_HIT_POS11_total_count,             0
L1_SHADOW_DEMAND_HIT_POS11_total_pct,         -nan

L1_SHADOW_DEMAND_HIT_POS12_count,             0
L1_SHADOW_DEMAND_HIT_POS12_pct,         -nan
L1_SHADOW_DEMAND_HIT_POS12_total_count,             0
L1_SHADOW_DEMAND_HIT_POS12_total_pct,         -nan

L1_SHADOW_DEMAND_HIT_POS13_count,             0
L1_SHADOW_DEMAND_HIT_POS13_pct,         -nan
L1_SHADOW_DEMAND_HIT_POS13_total_count,             0
L1_SHADOW_DEMAND_HIT_POS13_total_pct,         -nan

L1_SHADOW_DEMAND_HIT_POS14_count,             0
L1_SHADOW_DEMAND_HIT_POS14_pct,         -nan
L1_SHADOW_DEMAND_HIT_POS14_total_count,             0
L1_SHADOW_DEMAND_HIT_POS14_total_pct,         -nan

L1_SHADOW_DEMAND_HIT_POS15_count,             0
L1_SHADOW_DEMAND_HIT_POS15_pct,         -nan
L1_SHADOW_DEMAND_HIT_POS15_total_count,             0
L1_SHADOW_DEMAND_HIT_POS15_total_pct,         -nan

L1_SHADOW_DEMAND_HIT_POS16_count,             0
L1_SHADOW_DEMAND_HIT_POS16_pct,         -nan
L1_SHADOW_DEMAND_HIT_POS16_total_count,             0
L1_SHADOW_DEMAND_HIT_POS16_total_pct,         -nan

L1_SHADOW_DEMAND_HIT_POS17_count,             0
L1_SHADOW_DEMAND_HIT_POS17_pct,         -nan
L1_SHADOW_DEMAND_HIT_POS17_total_count,             0
L1_SHADOW_DEMAND_HIT_POS17_total_pct,         -nan

L1_SHADOW_DEMAND_HIT_POS18_count,             0
L1_SHADOW_DEMAND_HIT_POS18_pct,         -nan
L1_SHADOW_DEMAND_HIT_POS18_total_count,             0
L1_SHADOW_DEMAND_HIT_POS18_total_pct,         -nan

L1_SHADOW_DEMAND_HIT_POS19_count,             0
L1_SHADOW_DEMAND_HIT_POS19_pct,         -nan
L1_SHADOW_DEMAND_HIT_POS19_total_count,             0
L1_SHADOW_DEMAND_HIT_POS19_total_pct,         -nan

L1_SHADOW_DEMAND_HIT_POS20_count,             0
L1_SHADOW_DEMAND_HIT_POS20_pct,         -nan
L1_SHADOW_DEMAND_HIT_POS20_total_count,             0
L1_SHADOW_DEMAND_HIT_POS20_total_pct,         -nan

L1_SHADOW_DEMAND_HIT_POS21_count,             0
L1_SHADOW_DEMAND_HIT_POS21_pct,         -nan
L1_SHADOW_DEMAND_HIT_POS21_total_count,             0
L1_SHADOW_DEMAND_HIT_POS21_total_pct,         -nan

L1_SHADOW_DEMAND_HIT_POS22_count,             0
L1_SHADOW_DEMAND_HIT_POS22_pct,         -nan
L1_SHADOW_DEMAND_HIT_POS22_total_count,             0
L1_SHADOW_DEMAND_HIT_POS22_total_pct,         -nan

L1_SHADOW_DEMAND_HIT_POS23_count,             0
L1_SHADOW_DEMAND_HIT_POS23_pct,         -nan
L1_SHADOW_DEMAND_HIT_POS23_total_count,             0
L1_SHADOW_DEMAND_HIT_POS23_total_pct,         -nan

L1_SHADOW_DEMAND_HIT_POS24_count,             0
L1_SHADOW_DEMAND_HIT_POS24_pct,         -nan
L1_SHADOW_DEMAND_HIT_POS24_total_count,             0
L1_SHADOW_DEMAND_HIT_POS24_total_pct,         -nan

L1_SHADOW_DEMAND_HIT_POS25_count,             0
L1_SHADOW_DEMAND_HIT_POS25_pct,         -nan
L1_SHADOW_DEMAND_HIT_POS25_total_count,             0
L1_SHADOW_DEMAND_HIT_POS25_total_pct,         -nan

L1_SHADOW_DEMAND_HIT_POS26_count,             0
L1_SHADOW_DEMAND_HIT_POS26_pct,         -nan
L1_SHADOW_DEMAND_HIT_POS26_total_count,             0
L1_SHADOW_DEMAND_HIT_POS26_total_pct,         -nan

L1_SHADOW_DEMAND_HIT_POS27_count,             0
L1_SHADOW_DEMAND_HIT_POS27_pct,         -nan
L1_SHADOW_DEMAND_HIT_POS27_total_count,             0
L1_SHADOW_DEMAND_HIT_POS27_total_pct,         -nan

L1_SHADOW_DEMAND_HIT_POS28_count,             0
L1_SHADOW_DEMAND_HIT_POS28_pct,         -nan
L1_SHADOW_DEMAND_HIT_POS28_total_count,             0
L1_SHADOW_DEMAND_HIT_POS28_total_pct,         -nan

L1_SHADOW_DEMAND_HIT_POS29_count,             0
L1_SHADOW_DEMAND_HIT_POS29_pct,         -nan
L1_SHADOW_DEMAND_HIT_POS29_total_count,             0
L1_SHADOW_DEMAND_HIT_POS29_total_pct,         -nan

L1_SHADOW_DEMAND_HIT_POS30_count,             0
L1_SHADOW_DEMAND_HIT_POS30_pct,         -nan
L1_SHADOW_DEMAND_HIT_POS30_total_count,             0
L1_SHADOW_DEMAND_HIT_POS30_total_pct,         -nan

L1_SHADOW_DEMAND_HIT_POS31_count,             0
L1_SHADOW_DEMAND_HIT_POS31_pct,         -nan
L1_SHADOW_DEMAND_HIT_POS31_total_count,             0
L1_SHADOW_DEMAND_HIT_POS31_total_pct,         -nan

L1_SHADOW_DEMAND_HIT_POS32_count,             0
L1_SHADOW_DEMAND_HIT_POS32_pct,         -nan
L1_SHADOW_DEMAND_HIT_POS32_total_count,             0
L1_SHADOW_DEMAND_HIT_POS32_total_pct,         -nan

L1_SHADOW_DEMAND_HIT_POS33_count,             0
L1_SHADOW_DEMAND_HIT_POS33_pct,         -nan
L1_SHADOW_DEMAND_HIT_POS33_total_count,             0
L1_SHADOW_DEMAND_HIT_POS33_total_pct,         -nan

L1_SHADOW_DEMAND_HIT_POS34_count,             0
L1_SHADOW_DEMAND_HIT_POS34_pct,         -nan
L1_SHADOW_DEMAND_HIT_POS34_total_count,             0
L1_SHADOW_DEMAND_HIT_POS34_total_pct,         -nan

L1_SHADOW_DEMAND_HIT_POS35_count,             0
L1_SHADOW_DEMAND_HIT_POS35_pct,         -nan
L1_SHADOW_DEMAND_HIT_POS35_total_count,             0
L1_SHADOW_DEMAND_HIT_POS35_total_pct,         -nan

L1_SHADOW_DEMAND_HIT_POS36_count,             0
L1_SHADOW_DEMAND_HIT_POS36_pct,         -nan
L1_SHADOW_DEMAND_HIT_POS36_total_count,             0
L1_SHADOW_DEMAND_HIT_POS36_total_pct,         -nan

L1_SHADOW_DEMAND_HIT_POS37_count,             0
L1_SHADOW_DEMAND_HIT_POS37_pct,         -nan
L1_SHADOW_DEMAND_HIT_POS37_total_count,             0
L1_SHADOW_DEMAND_HIT_POS37_total_pct,         -nan

L1_SHADOW_DEMAND_HIT_POS38_count,             0
L1_SHADOW_DEMAND_HIT_POS38_pct,         -nan
L1_SHADOW_DEMAND_HIT_POS38_total_count,             0
L1_SHADOW_DEMAND_HIT_POS38_total_pct,         -nan

L1_SHADOW_DEMAND_HIT_POS39_count,             0
L1_SHADOW_DEMAND_HIT_POS39_pct,         -nan
L1_SHADOW_DEMAND_HIT_POS39_total_count,             0
L1_SHADOW_DEMAND_HIT_POS39_total_pct,         -nan

L1_SHADOW_DEMAND_HIT_POS40_count,             0
L1_SHADOW_DEMAND_HIT_POS40_pct,         -nan
L1_SHADOW_DEMAND_HIT_POS40_total_count,             0
L1_SHADOW_DEMAND_HIT_POS40_total_pct,         -nan

L1_SHADOW_DEMAND_HIT_POS41_count,             0
L1_SHADOW_DEMAND_HIT_POS41_pct,         -nan
L1_SHADOW_DEMAND_HIT_POS41_total_count,             0
L1_SHADOW_DEMAND_HIT_POS41_total_pct,         -nan

L1_SHADOW_DEMAND_HIT_POS42_count,             0
L1_SHADOW_DEMAND_HIT_POS42_pct,         -nan
L1_SHADOW_DEMAND_HIT_POS42_total_count,             0
L1_SHADOW_DEMAND_HIT_POS42_total_pct,         -nan

L1_SHADOW_DEMAND_HIT_POS43_count,             0
L1_SHADOW_DEMAND_HIT_POS43_pct,         -nan
L1_SHADOW_DEMAND_HIT_POS43_total_count,             0
L1_SHADOW_DEMAND_HIT_POS43_total_pct,         -nan

L1_SHADOW_DEMAND_HIT_POS44_count,             0
L1_SHADOW_DEMAND_HIT_POS44_pct,         -nan
L1_SHADOW_DEMAND_HIT_POS44_total_count,             0
L1_SHADOW_DEMAND_HIT_POS44_total_pct,         -nan

L1_SHADOW_DEMAND_HIT_POS45_count,             0
L1_SHADOW_DEMAND_HIT_POS45_pct,         -nan
L1_SHADOW_DEMAND_HIT_POS45_total_count,             0
L1_SHADOW_DEMAND_HIT_POS45_total_pct,         -nan

L1_SHADOW_DEMAND_HIT_POS46_count,             0
L1_SHADOW_DEMAND_HIT_POS46_pct,         -nan
L1_SHADOW_DEMAND_HIT_POS46_total_count,             0
L1_SHADOW_DEMAND_HIT_POS46_total_pct,         -nan

L1_SHADOW_DEMAND_HIT_POS47_count,             0
L1_SHADOW_DEMAND_HIT_POS47_pct,         -nan
L1_SHADOW_DEMAND_HIT_POS47_total_count,             0
L1_SHADOW_DEMAND_HIT_POS47_total_pct,         -nan

L1_SHADOW_DEMAND_HIT_POS48_count,             0
L1_SHADOW_DEMAND_HIT_POS48_pct,         -nan
L1_SHADOW_DEMAND_HIT_POS48_total_count,             0
L1_SHADOW_DEMAND_HIT_POS48_total_pct,         -nan

L1_SHADOW_DEMAND_HIT_POS49_count,             0
L1_SHADOW_DEMAND_HIT_POS49_pct,         -nan
L1_SHADOW_DEMAND_HIT_POS49_total_count,             0
L1_SHADOW_DEMAND_HIT_POS49_total_pct,         -nan

L1_SHADOW_DEMAND_HIT_POS50_count,             0
L1_SHADOW_DEMAND_HIT_POS50_pct,         -nan
L1_SHADOW_DEMAND_HIT_POS50_total_count,             0
L1_SHADOW_DEMAND_HIT_POS50_total_pct,         -nan

L1_SHADOW_DEMAND_HIT_POS51_count,             0
L1_SHADOW_DEMAND_HIT_POS51_pct,         -nan
L1_SHADOW_DEMAND_HIT_POS51_total_count,             0
L1_SHADOW_DEMAND_HIT_POS51_total_pct,         -nan

L1_SHADOW_DEMAND_HIT_POS52_count,             0
L1_SHADOW_DEMAND_HIT_POS52_pct,         -nan
L1_SHADOW_DEMAND_HIT_POS52_total_count,             0
L1_SHADOW_DEMAND_HIT_POS52_total_pct,         -nan

L1_SHADOW_DEMAND_HIT_POS53_count,             0
L1_SHADOW_DEMAND_HIT_POS53_pct,         -nan
L1_SHADOW_DEMAND_HIT_POS53_total_count,             0
L1_SHADOW_DEMAND_HIT_POS53_total_pct,         -nan

L1_SHADOW_DEMAND_HIT_POS54_count,             0
L1_SHADOW_DEMAND_HIT_POS54_pct,         -nan
L1_SHADOW_DEMAND_HIT_POS54_total_count,             0
L1_SHADOW_DEMAND_HIT_POS54_total_pct,         -nan

L1_SHADOW_DEMAND_HIT_POS55_count,             0
L1_SHADOW_DEMAND_HIT_POS55_pct,         -nan
L1_SHADOW_DEMAND_HIT_POS55_total_count,             0
L1_SHADOW_DEMAND_HIT_POS55_total_pct,         -nan

L1_SHADOW_DEMAND_HIT_POS56_count,             0
L1_SHADOW_DEMAND_HIT_POS56_pct,         -nan
L1_SHADOW_DEMAND_HIT_POS56_total_count,             0
L1_SHADOW_DEMAND_HIT_POS56_total_pct,         -nan

L1_SHADOW_DEMAND_HIT_POS57_count,             0
L1_SHADOW_DEMAND_HIT_POS57_pct,         -nan
L1_SHADOW_DEMAND_HIT_POS57_total_count,             0
L1_SHADOW_DEMAND_HIT_POS57_total_pct,         -nan

L1_SHADOW_DEMAND_HIT_POS58_count,             0
L1_SHADOW_DEMAND_HIT_POS58_pct,         -nan
L1_SHADOW_DEMAND_HIT_POS58_total_count,             0
L1_SHADOW_DEMAND_HIT_POS58_total_pct,         -nan

L1_SHADOW_DEMAND_HIT_POS59_count,             0
L1_SHADOW_DEMAND_HIT_POS59_pct,         -nan
L1_SHADOW_DEMAND_HIT_POS59_total_count,             0
L1_SHADOW_DEMAND_HIT_POS59_total_pct,         -nan

L1_SHADOW_DEMAND_HIT_POS60_count,             0
L1_SHADOW_DEMAND_HIT_POS60_pct,         -nan
L1_SHADOW_DEMAND_HIT_POS60_total_count,             0
L1_SHADOW_DEMAND_HIT_POS60_total_pct,         -nan

L1_SHADOW_DEMAND_HIT_POS61_count,             0
L1_SHADOW_DEMAND_HIT_POS61_pct,         -nan
L1_SHADOW_DEMAND_HIT_POS61_total_count,             0
L1_SHADOW_DEMAND_HIT_POS61_total_pct,         -nan

L1_SHADOW_DEMAND_HIT_POS62_count,             0
L1_SHADOW_DEMAND_HIT_POS62_pct,         -nan
L1_SHADOW_DEMAND_HIT_POS62_total_count,             0
L1_SHADOW_DEMAND_HIT_POS62_total_pct,         -nan

L1_SHADOW_DEMAND_HIT_POS63_count,             0
L1_SHADOW_DEMAND_HIT_POS63_pct,         -nan
L1_SHADOW_DEMAND_HIT_POS63_total_count,             0
L1_SHADOW_DEMAND_HIT_POS63_total_pct,         -nan

L1_SHADOW_DEMAND_HIT_POS64_count,             0
L1_SHADOW_DEMAND_HIT_POS64_pct,         -nan
L1_SHADOW_DEMAND_HIT_POS64_total_count,             0
L1_SHADOW_DEMAND_HIT_POS64_total_pct,         -nan

L1_SHADOW_DEMAND_HIT_POS65_count,             0
L1_SHADOW_DEMAND_HIT_POS65_pct,         -nan
L1_SHADOW_DEMAND_HIT_POS65_total_count,             0
L1_SHADOW_DEMAND_HIT_POS65_total_pct,         -nan

L1_SHADOW_DEMAND_HIT_POS66_count,             0
L1_SHADOW_DEMAND_HIT_POS66_pct,         -nan
L1_SHADOW_DEMAND_HIT_POS66_total_count,             0
L1_SHADOW_DEMAND_HIT_POS66_total_pct,         -nan

L1_SHADOW_DEMAND_HIT_POS67_count,             0
L1_SHADOW_DEMAND_HIT_POS67_pct,         -nan
L1_SHADOW_DEMAND_HIT_POS67_total_count,             0
L1_SHADOW_DEMAND_HIT_POS67_total_pct,         -nan

L1_SHADOW_DEMAND_HIT_POS68_count,             0
L1_SHADOW_DEMAND_HIT_POS68_pct,         -nan
L1_SHADOW_DEMAND_HIT_POS68_total_count,             0
L1_SHADOW_DEMAND_HIT_POS68_total_pct,         -nan

L1_SHADOW_DEMAND_HIT_POS69_count,             0
L1_SHADOW_DEMAND_HIT_POS69_pct,         -nan
L1_SHADOW_DEMAND_HIT_POS69_total_count,             0
L1_SHADOW_DEMAND_HIT_POS69_total_pct,         -nan

L1_SHADOW_DEMAND_HIT_POS70_count,             0
L1_SHADOW_DEMAND_HIT_POS70_pct,         -nan
L1_SHADOW_DEMAND_HIT_POS70_total_count,             0
L1_SHADOW_DEMAND_HIT_POS70_total_pct,         -nan

L1_SHADOW_DEMAND_HIT_POS71_count,             0
L1_SHADOW_DEMAND_HIT_POS71_pct,         -nan
L1_SHADOW_DEMAND_HIT_POS71_total_count,             0
L1_SHADOW_DEMAND_HIT_POS71_total_pct,         -nan

L1_SHADOW_DEMAND_HIT_POS72_count,             0
L1_SHADOW_DEMAND_HIT_POS72_pct,         -nan
L1_SHADOW_DEMAND_HIT_POS72_total_count,             0
L1_SHADOW_DEMAND_HIT_POS72_total_pct,         -nan

L1_SHADOW_DEMAND_HIT_POS73_count,             0
L1_SHADOW_DEMAND_HIT_POS73_pct,         -nan
L1_SHADOW_DEMAND_HIT_POS73_total_count,             0
L1_SHADOW_DEMAND_HIT_POS73_total_pct,         -nan

L1_SHADOW_DEMAND_HIT_POS74_count,             0
L1_SHADOW_DEMAND_HIT_POS74_pct,         -nan
L1_SHADOW_DEMAND_HIT_POS74_total_count,             0
L1_SHADOW_DEMAND_HIT_POS74_total_pct,         -nan

L1_SHADOW_DEMAND_HIT_POS75_count,             0
L1_SHADOW_DEMAND_HIT_POS75_pct,         -nan
L1_SHADOW_DEMAND_HIT_POS75_total_count,             0
L1_SHADOW_DEMAND_HIT_POS75_total_pct,         -nan

L1_SHADOW_DEMAND_HIT_POS76_count,             0
L1_SHADOW_DEMAND_HIT_POS76_pct,         -nan
L1_SHADOW_DEMAND_HIT_POS76_total_count,             0
L1_SHADOW_DEMAND_HIT_POS76_total_pct,         -nan

L1_SHADOW_DEMAND_HIT_POS77_count,             0
L1_SHADOW_DEMAND_HIT_POS77_pct,         -nan
L1_SHADOW_DEMAND_HIT_POS77_total_count,             0
L1_SHADOW_DEMAND_HIT_POS77_total_pct,         -nan

L1_SHADOW_DEMAND_HIT_POS78_count,             0
L1_SHADOW_DEMAND_HIT_POS78_pct,         -nan
L1_SHADOW_DEMAND_HIT_POS78_total_count,             0
L1_SHADOW_DEMAND_HIT_POS78_total_pct,         -nan

L1_SHADOW_DEMAND_HIT_POS79_count,             0
L1_SHADOW_DEMAND_HIT_POS79_pct,         -nan
L1_SHADOW_DEMAND_HIT_POS79_total_count,             0
L1_SHADOW_DEMAND_HIT_POS79_total_pct,         -nan

L1_SHADOW_DEMAND_HIT_POS80_count,             0
L1_SHADOW_DEMAND_HIT_POS80_pct,         -nan
L1_SHADOW_DEMAND_HIT_POS80_total_count,             0
L1_SHADOW_DEMAND_HIT_POS80_total_pct,         -nan

L1_SHADOW_DEMAND_HIT_POS81_count,             0
L1_SHADOW_DEMAND_HIT_POS81_pct,         -nan
L1_SHADOW_DEMAND_HIT_POS81_total_count,             0
L1_SHADOW_DEMAND_HIT_POS81_total_pct,         -nan

L1_SHADOW_DEMAND_HIT_POS82_count,             0
L1_SHADOW_DEMAND_HIT_POS82_pct,         -nan
L1_SHADOW_DEMAND_HIT_POS82_total_count,             0
L1_SHADOW_DEMAND_HIT_POS82_total_pct,         -nan

L1_SHADOW_DEMAND_HIT_POS83_count,             0
L1_SHADOW_DEMAND_HIT_POS83_pct,         -nan
L1_SHADOW_DEMAND_HIT_POS83_total_count,             0
L1_SHADOW_DEMAND_HIT_POS83_total_pct,         -nan

L1_SHADOW_DEMAND_HIT_POS84_count,             0
L1_SHADOW_DEMAND_HIT_POS84_pct,         -nan
L1_SHADOW_DEMAND_HIT_POS84_total_count,             0
L1_SHADOW_DEMAND_HIT_POS84_total_pct,         -nan

L1_SHADOW_DEMAND_HIT_POS85_count,             0
L1_SHADOW_DEMAND_HIT_POS85_pct,         -nan
L1_SHADOW_DEMAND_HIT_POS85_total_count,             0
L1_SHADOW_DEMAND_HIT_POS85_total_pct,         -nan

L1_SHADOW_DEMAND_HIT_POS86_count,             0
L1_SHADOW_DEMAND_HIT_POS86_pct,         -nan
L1_SHADOW_DEMAND_HIT_POS86_total_count,             0
L1_SHADOW_DEMAND_HIT_POS86_total_pct,         -nan

L1_SHADOW_DEMAND_HIT_POS87_count,             0
L1_SHADOW_DEMAND_HIT_POS87_pct,         -nan
L1_SHADOW_DEMAND_HIT_POS87_total_count,             0
L1_SHADOW_DEMAND_HIT_POS87_total_pct,         -nan

L1_SHADOW_DEMAND_HIT_POS88_count,             0
L1_SHADOW_DEMAND_HIT_POS88_pct,         -nan
L1_SHADOW_DEMAND_HIT_POS88_total_count,             0
L1_SHADOW_DEMAND_HIT_POS88_total_pct,         -nan

L1_SHADOW_DEMAND_HIT_POS89_count,             0
L1_SHADOW_DEMAND_HIT_POS89_pct,         -nan
L1_SHADOW_DEMAND_HIT_POS89_total_count,             0
L1_SHADOW_DEMAND_HIT_POS89_total_pct,         -nan

L1_SHADOW_DEMAND_HIT_POS90_count,             0
L1_SHADOW_DEMAND_HIT_POS90_pct,         -nan
L1_SHADOW_DEMAND_HIT_POS90_total_count,             0
L1_SHADOW_DEMAND_HIT_POS90_total_pct,         -nan

L1_SHADOW_DEMAND_HIT_POS91_count,             0
L1_SHADOW_DEMAND_HIT_POS91_pct,         -nan
L1_SHADOW_DEMAND_HIT_POS91_total_count,             0
L1_SHADOW_DEMAND_HIT_POS91_total_pct,         -nan

L1_SHADOW_DEMAND_HIT_POS92_count,             0
L1_SHADOW_DEMAND_HIT_POS92_pct,         -nan
L1_SHADOW_DEMAND_HIT_POS92_total_count,             0
L1_SHADOW_DEMAND_HIT_POS92_total_pct,         -nan

L1_SHADOW_DEMAND_HIT_POS93_count,             0
L1_SHADOW_DEMAND_HIT_POS93_pct,         -nan
L1_SHADOW_DEMAND_HIT_POS93_total_count,             0
L1_SHADOW_DEMAND_HIT_POS93_total_pct,         -nan

L1_SHADOW_DEMAND_HIT_POS94_count,             0
L1_SHADOW_DEMAND_HIT_POS94_pct,         -nan
L1_SHADOW_DEMAND_HIT_POS94_total_count,             0
L1_SHADOW_DEMAND_HIT_POS94_total_pct,         -nan

L1_SHADOW_DEMAND_HIT_POS95_count,             0
L1_SHADOW_DEMAND_HIT_POS95_pct,         -nan
L1_SHADOW_DEMAND_HIT_POS95_total_count,             0
L1_SHADOW_DEMAND_HIT_POS95_total_pct,         -nan

L1_SHADOW_DEMAND_HIT_POS96_count,             0
L1_SHADOW_DEMAND_HIT_POS96_pct,         -nan
L1_SHADOW_DEMAND_HIT_POS96_total_count,             0
L1_SHADOW_DEMAND_HIT_POS96_total_pct,         -nan

L1_SHADOW_DEMAND_HIT_POS97_count,             0
L1_SHADOW_DEMAND_HIT_POS97_pct,         -nan
L1_SHADOW_DEMAND_HIT_POS97_total_count,             0
L1_SHADOW_DEMAND_HIT_POS97_total_pct,         -nan

L1_SHADOW_DEMAND_HIT_POS98_count,             0
L1_SHADOW_DEMAND_HIT_POS98_pct,         -nan
L1_SHADOW_DEMAND_HIT_POS98_total_count,             0
L1_SHADOW_DEMAND_HIT_POS98_total_pct,         -nan

L1_SHADOW_DEMAND_HIT_POS99_count,             0
L1_SHADOW_DEMAND_HIT_POS99_pct,         -nan
L1_SHADOW_DEMAND_HIT_POS99_total_count,             0
L1_SHADOW_DEMAND_HIT_POS99_total_pct,         -nan

L1_SHADOW_DEMAND_HIT_POS100_count,             0
L1_SHADOW_DEMAND_HIT_POS100_pct,         -nan
L1_SHADOW_DEMAND_HIT_POS100_total_count,             0
L1_SHADOW_DEMAND_HIT_POS100_total_pct,         -nan

L1_SHADOW_DEMAND_HIT_POS101_count,             0
L1_SHADOW_DEMAND_HIT_POS101_pct,         -nan
L1_SHADOW_DEMAND_HIT_POS101_total_count,             0
L1_SHADOW_DEMAND_HIT_POS101_total_pct,         -nan

L1_SHADOW_DEMAND_HIT_POS102_count,             0
L1_SHADOW_DEMAND_HIT_POS102_pct,         -nan
L1_SHADOW_DEMAND_HIT_POS102_total_count,             0
L1_SHADOW_DEMAND_HIT_POS102_total_pct,         -nan

L1_SHADOW_DEMAND_HIT_POS103_count,             0
L1_SHADOW_DEMAND_HIT_POS103_pct,         -nan
L1_SHADOW_DEMAND_HIT_POS103_total_count,             0
L1_SHADOW_DEMAND_HIT_POS103_total_pct,         -nan

L1_SHADOW_DEMAND_HIT_POS104_count,             0
L1_SHADOW_DEMAND_HIT_POS104_pct,         -nan
L1_SHADOW_DEMAND_HIT_POS104_total_count,             0
L1_SHADOW_DEMAND_HIT_POS104_total_pct,         -nan

L1_SHADOW_DEMAND_HIT_POS105_count,             0
L1_SHADOW_DEMAND_HIT_POS105_pct,         -nan
L1_SHADOW_DEMAND_HIT_POS105_total_count,             0
L1_SHADOW_DEMAND_HIT_POS105_total_pct,         -nan

L1_SHADOW_DEMAND_HIT_POS106_count,             0
L1_SHADOW_DEMAND_HIT_POS106_pct,         -nan
L1_SHADOW_DEMAND_HIT_POS106_total_count,             0
L1_SHADOW_DEMAND_HIT_POS106_total_pct,         -nan

L1_SHADOW_DEMAND_HIT_POS107_count,             0
L1_SHADOW_DEMAND_HIT_POS107_pct,         -nan
L1_SHADOW_DEMAND_HIT_POS107_total_count,             0
L1_SHADOW_DEMAND_HIT_POS107_total_pct,         -nan

L1_SHADOW_DEMAND_HIT_POS108_count,             0
L1_SHADOW_DEMAND_HIT_POS108_pct,         -nan
L1_SHADOW_DEMAND_HIT_POS108_total_count,             0
L1_SHADOW_DEMAND_HIT_POS108_total_pct,         -nan

L1_SHADOW_DEMAND_HIT_POS109_count,             0
L1_SHADOW_DEMAND_HIT_POS109_pct,         -nan
L1_SHADOW_DEMAND_HIT_POS109_total_count,             0
L1_SHADOW_DEMAND_HIT_POS109_total_pct,         -nan

L1_SHADOW_DEMAND_HIT_POS110_count,             0
L1_SHADOW_DEMAND_HIT_POS110_pct,         -nan
L1_SHADOW_DEMAND_HIT_POS110_total_count,             0
L1_SHADOW_DEMAND_HIT_POS110_total_pct,         -nan

L1_SHADOW_DEMAND_HIT_POS111_count,             0
L1_SHADOW_DEMAND_HIT_POS111_pct,         -nan
L1_SHADOW_DEMAND_HIT_POS111_total_count,             0
L1_SHADOW_DEMAND_HIT_POS111_total_pct,         -nan

L1_SHADOW_DEMAND_HIT_POS112_count,             0
L1_SHADOW_DEMAND_HIT_POS112_pct,         -nan
L1_SHADOW_DEMAND_HIT_POS112_total_count,             0
L1_SHADOW_DEMAND_HIT_POS112_total_pct,         -nan

L1_SHADOW_DEMAND_HIT_POS113_count,             0
L1_SHADOW_DEMAND_HIT_POS113_pct,         -nan
L1_SHADOW_DEMAND_HIT_POS113_total_count,             0
L1_SHADOW_DEMAND_HIT_POS113_total_pct,         -nan

L1_SHADOW_DEMAND_HIT_POS114_count,             0
L1_SHADOW_DEMAND_HIT_POS114_pct,         -nan
L1_SHADOW_DEMAND_HIT_POS114_total_count,             0
L1_SHADOW_DEMAND_HIT_POS114_total_pct,         -nan

L1_SHADOW_DEMAND_HIT_POS115_count,             0
L1_SHADOW_DEMAND_HIT_POS115_pct,         -nan
L1_SHADOW_DEMAND_HIT_POS115_total_count,             0
L1_SHADOW_DEMAND_HIT_POS115_total_pct,         -nan

L1_SHADOW_DEMAND_HIT_POS116_count,             0
L1_SHADOW_DEMAND_HIT_POS116_pct,         -nan
L1_SHADOW_DEMAND_HIT_POS116_total_count,             0
L1_SHADOW_DEMAND_HIT_POS116_total_pct,         -nan

L1_SHADOW_DEMAND_HIT_POS117_count,             0
L1_SHADOW_DEMAND_HIT_POS117_pct,         -nan
L1_SHADOW_DEMAND_HIT_POS117_total_count,             0
L1_SHADOW_DEMAND_HIT_POS117_total_pct,         -nan

L1_SHADOW_DEMAND_HIT_POS118_count,             0
L1_SHADOW_DEMAND_HIT_POS118_pct,         -nan
L1_SHADOW_DEMAND_HIT_POS118_total_count,             0
L1_SHADOW_DEMAND_HIT_POS118_total_pct,         -nan

L1_SHADOW_DEMAND_HIT_POS119_count,             0
L1_SHADOW_DEMAND_HIT_POS119_pct,         -nan
L1_SHADOW_DEMAND_HIT_POS119_total_count,             0
L1_SHADOW_DEMAND_HIT_POS119_total_pct,         -nan

L1_SHADOW_DEMAND_HIT_POS120_count,             0
L1_SHADOW_DEMAND_HIT_POS120_pct,         -nan
L1_SHADOW_DEMAND_HIT_POS120_total_count,             0
L1_SHADOW_DEMAND_HIT_POS120_total_pct,         -nan

L1_SHADOW_DEMAND_HIT_POS121_count,             0
L1_SHADOW_DEMAND_HIT_POS121_pct,         -nan
L1_SHADOW_DEMAND_HIT_POS121_total_count,             0
L1_SHADOW_DEMAND_HIT_POS121_total_pct,         -nan

L1_SHADOW_DEMAND_HIT_POS122_count,             0
L1_SHADOW_DEMAND_HIT_POS122_pct,         -nan
L1_SHADOW_DEMAND_HIT_POS122_total_count,             0
L1_SHADOW_DEMAND_HIT_POS122_total_pct,         -nan

L1_SHADOW_DEMAND_HIT_POS123_count,             0
L1_SHADOW_DEMAND_HIT_POS123_pct,         -nan
L1_SHADOW_DEMAND_HIT_POS123_total_count,             0
L1_SHADOW_DEMAND_HIT_POS123_total_pct,         -nan

L1_SHADOW_DEMAND_HIT_POS124_count,             0
L1_SHADOW_DEMAND_HIT_POS124_pct,         -nan
L1_SHADOW_DEMAND_HIT_POS124_total_count,             0
L1_SHADOW_DEMAND_HIT_POS124_total_pct,         -nan

L1_SHADOW_DEMAND_HIT_POS125_count,             0
L1_SHADOW_DEMAND_HIT_POS125_pct,         -nan
L1_SHADOW_DEMAND_HIT_POS125_total_count,             0
L1_SHADOW_DEMAND_HIT_POS125_total_pct,         -nan

L1_SHADOW_DEMAND_HIT_POS126_count,             0
L1_SHADOW_DEMAND_HIT_POS126_pct,         -nan
L1_SHADOW_DEMAND_HIT_POS126_total_count,             0
L1_SHADOW_DEMAND_HIT_POS126_total_pct,         -nan

L1_SHADOW_DEMAND_HIT_POS127_count,             0
L1_SHADOW_DEMAND_HIT_POS127_pct,         -nan
L1_SHADOW_DEMAND_HIT_POS127_total_count,             0
L1_SHADOW_DEMAND_HIT_POS127_total_pct,         -nan
L1_SHADOW_DEMAND_HIT_POS127_sum_count,             0
L1_SHADOW_DEMAND_HIT_POS127_sum_pct,         -nan
L1_SHADOW_DEMAND_HIT_POS127_sum_total_count,             0
L1_SHADOW_DEMAND_HIT_POS127_sum_total_pct,         -nan
L1_SHADOW_DEMAND_HIT_POS127_mean,         -nan
L1_SHADOW_DEMAND_HIT_POS127_stddev,         -nan
L1_SHADOW_DEMAND_HIT_POS127_total_mean,         -nan
L1_SHADOW_DEMAND_HIT_POS127_total_stddev,         -nan

CORE_PREF_MLC_SENT_count,             0
CORE_PREF_MLC_SENT_total_count,             0

CORE_PREF_MLC_USED_count,           193
CORE_PREF_MLC_USED_pct,       72.285
CORE_PREF_MLC_USED_total_count,          1132
CORE_PREF_MLC_USED_total_pct,       85.758

CORE_PREF_MLC_PARTIAL_USED_count,            74
CORE_PREF_MLC_PARTIAL_USED_pct,       27.715
CORE_PREF_MLC_PARTIAL_USED_total_count,           188
CORE_PREF_MLC_PARTIAL_USED_total_pct,       14.242

CORE_PREF_MLC_NOT_USED_count,             0
CORE_PREF_MLC_NOT_USED_pct,        0.000
CORE_PREF_MLC_NOT_USED_total_count,             0
CORE_PREF_MLC_NOT_USED_total_pct,        0.000

CORE_PREF_MLC_DROPPED_count,             0
CORE_PREF_MLC_DROPPED_pct,        0.000
CORE_PREF_MLC_DROPPED_total_count,             0
CORE_PREF_MLC_DROPPED_total_pct,        0.000
CORE_PREF_MLC_DROPPED_sum_count,           267
CORE_PREF_MLC_DROPPED_sum_pct,      100.000
CORE_PREF_MLC_DROPPED_sum_total_count,          1320
CORE_PREF_MLC_DROPPED_sum_total_pct,      100.000
CORE_PREF_MLC_DROPPED_mean,         0.28
CORE_PREF_MLC_DROPPED_stddev,         0.38
CORE_PREF_MLC_DROPPED_total_mean,         0.14
CORE_PREF_MLC_DROPPED_total_stddev,         0.32

CORE_PREF_L1_SENT_count,          5795
CORE_PREF_L1_SENT_total_count,         13083

CORE_PREF_L1_USED_count,          4769
CORE_PREF_L1_USED_pct,       79.603
CORE_PREF_L1_USED_total_count,         10344
CORE_PREF_L1_USED_total_pct,       88.577

CORE_PREF_L1_PARTIAL_USED_count,            72
CORE_PREF_L1_PARTIAL_USED_pct,        1.202
CORE_PREF_L1_PARTIAL_USED_total_count,           183
CORE_PREF_L1_PARTIAL_USED_total_pct,        1.567

CORE_PREF_L1_NOT_USED_count,          1150
CORE_PREF_L1_NOT_USED_pct,       19.195
CORE_PREF_L1_NOT_USED_total_count,          1151
CORE_PREF_L1_NOT_USED_total_pct,        9.856

CORE_PREF_L1_DROPPED_count,             0
CORE_PREF_L1_DROPPED_pct,        0.000
CORE_PREF_L1_DROPPED_total_count,             0
CORE_PREF_L1_DROPPED_total_pct,        0.000
CORE_PREF_L1_DROPPED_sum_count,          5991
CORE_PREF_L1_DROPPED_sum_pct,      100.000
CORE_PREF_L1_DROPPED_sum_total_count,         11678
CORE_PREF_L1_DROPPED_sum_total_pct,      100.000
CORE_PREF_L1_DROPPED_mean,         0.40
CORE_PREF_L1_DROPPED_stddev,         0.71
CORE_PREF_L1_DROPPED_total_mean,         0.21
CORE_PREF_L1_DROPPED_total_stddev,         0.57

TOTAL_MEM_LATENCY_count,       2678007
TOTAL_MEM_LATENCY_pct,      206.239
TOTAL_MEM_LATENCY_total_count,       8345181
TOTAL_MEM_LATENCY_total_pct,      257.671

TOTAL_MEM_LATENCY_DEMAND_count,       2033911
TOTAL_MEM_LATENCY_DEMAND_pct,      282.881
TOTAL_MEM_LATENCY_DEMAND_total_count,       5906215
TOTAL_MEM_LATENCY_DEMAND_total_pct,      305.958

TOTAL_MEM_LATENCY_PREF_count,        644096
TOTAL_MEM_LATENCY_PREF_pct,      111.147
TOTAL_MEM_LATENCY_PREF_total_count,       2438966
TOTAL_MEM_LATENCY_PREF_total_pct,      186.423

CORE_MEM_LATENCY_count,       2678007
CORE_MEM_LATENCY_pct,      206.239
CORE_MEM_LATENCY_total_count,       8345181
CORE_MEM_LATENCY_total_pct,      257.671

CORE_MEM_LATENCY_DEMAND_count,       2033911
CORE_MEM_LATENCY_DEMAND_pct,      282.881
CORE_MEM_LATENCY_DEMAND_total_count,       5906215
CORE_MEM_LATENCY_DEMAND_total_pct,      305.958

CORE_MEM_LATENCY_PREF_count,        644096
CORE_MEM_LATENCY_PREF_pct,      111.147
CORE_MEM_LATENCY_PREF_total_count,       2438966
CORE_MEM_LATENCY_PREF_total_pct,      186.423

CORE_MEM_LATENCY_IFETCH_count,          3211
CORE_MEM_LATENCY_IFETCH_pct,        0.235
CORE_MEM_LATENCY_IFETCH_total_count,         34287
CORE_MEM_LATENCY_IFETCH_total_pct,        0.815

CORE_MEM_LATENCY_DFETCH_count,        704188
CORE_MEM_LATENCY_DFETCH_pct,       51.459
CORE_MEM_LATENCY_DFETCH_total_count,       1668744
CORE_MEM_LATENCY_DFETCH_total_pct,       39.650

CORE_MEM_LATENCY_DSTORE_count,         30679
CORE_MEM_LATENCY_DSTORE_pct,        2.242
CORE_MEM_LATENCY_DSTORE_total_count,        105262
CORE_MEM_LATENCY_DSTORE_total_pct,        2.501

CORE_MEM_LATENCY_IPRF_count,             0
CORE_MEM_LATENCY_IPRF_pct,        0.000
CORE_MEM_LATENCY_IPRF_total_count,             0
CORE_MEM_LATENCY_IPRF_total_pct,        0.000

CORE_MEM_LATENCY_UOCPRF_count,             0
CORE_MEM_LATENCY_UOCPRF_pct,        0.000
CORE_MEM_LATENCY_UOCPRF_total_count,             0
CORE_MEM_LATENCY_UOCPRF_total_pct,        0.000

CORE_MEM_LATENCY_FDIPPRF_count,         49155
CORE_MEM_LATENCY_FDIPPRF_pct,        3.592
CORE_MEM_LATENCY_FDIPPRF_total_count,       1106329
CORE_MEM_LATENCY_FDIPPRF_total_pct,       26.287

CORE_MEM_LATENCY_DPRF_count,             0
CORE_MEM_LATENCY_DPRF_pct,        0.000
CORE_MEM_LATENCY_DPRF_total_count,             0
CORE_MEM_LATENCY_DPRF_total_pct,        0.000

CORE_MEM_LATENCY_WB_count,        581211
CORE_MEM_LATENCY_WB_pct,       42.472
CORE_MEM_LATENCY_WB_total_count,       1294092
CORE_MEM_LATENCY_WB_total_pct,       30.748

CORE_MEM_LATENCY_WB_NODIRTY_count,             0
CORE_MEM_LATENCY_WB_NODIRTY_pct,        0.000
CORE_MEM_LATENCY_WB_NODIRTY_total_count,             0
CORE_MEM_LATENCY_WB_NODIRTY_total_pct,        0.000
CORE_MEM_LATENCY_WB_NODIRTY_sum_count,       1368444
CORE_MEM_LATENCY_WB_NODIRTY_sum_pct,      100.000
CORE_MEM_LATENCY_WB_NODIRTY_sum_total_count,       4208714
CORE_MEM_LATENCY_WB_NODIRTY_sum_total_pct,      100.000
CORE_MEM_LATENCY_WB_NODIRTY_mean,         3.71
CORE_MEM_LATENCY_WB_NODIRTY_stddev,         2.92
CORE_MEM_LATENCY_WB_NODIRTY_total_mean,         3.91
CORE_MEM_LATENCY_WB_NODIRTY_total_stddev,         2.59

CORE_MEM_STALLING_LATENCY_IFETCH_count,             0
CORE_MEM_STALLING_LATENCY_IFETCH_pct,         -nan
CORE_MEM_STALLING_LATENCY_IFETCH_total_count,             0
CORE_MEM_STALLING_LATENCY_IFETCH_total_pct,         -nan

CORE_MEM_STALLING_LATENCY_DFETCH_count,             0
CORE_MEM_STALLING_LATENCY_DFETCH_pct,         -nan
CORE_MEM_STALLING_LATENCY_DFETCH_total_count,             0
CORE_MEM_STALLING_LATENCY_DFETCH_total_pct,         -nan

CORE_MEM_STALLING_LATENCY_DSTORE_count,             0
CORE_MEM_STALLING_LATENCY_DSTORE_pct,         -nan
CORE_MEM_STALLING_LATENCY_DSTORE_total_count,             0
CORE_MEM_STALLING_LATENCY_DSTORE_total_pct,         -nan

CORE_MEM_STALLING_LATENCY_IPRF_count,             0
CORE_MEM_STALLING_LATENCY_IPRF_pct,         -nan
CORE_MEM_STALLING_LATENCY_IPRF_total_count,             0
CORE_MEM_STALLING_LATENCY_IPRF_total_pct,         -nan

CORE_MEM_STALLING_LATENCY_DPRF_count,             0
CORE_MEM_STALLING_LATENCY_DPRF_pct,         -nan
CORE_MEM_STALLING_LATENCY_DPRF_total_count,             0
CORE_MEM_STALLING_LATENCY_DPRF_total_pct,         -nan

CORE_MEM_STALLING_LATENCY_WB_count,             0
CORE_MEM_STALLING_LATENCY_WB_pct,         -nan
CORE_MEM_STALLING_LATENCY_WB_total_count,             0
CORE_MEM_STALLING_LATENCY_WB_total_pct,         -nan

CORE_MEM_STALLING_LATENCY_WB_NODIRTY_count,             0
CORE_MEM_STALLING_LATENCY_WB_NODIRTY_pct,         -nan
CORE_MEM_STALLING_LATENCY_WB_NODIRTY_total_count,             0
CORE_MEM_STALLING_LATENCY_WB_NODIRTY_total_pct,         -nan
CORE_MEM_STALLING_LATENCY_WB_NODIRTY_sum_count,             0
CORE_MEM_STALLING_LATENCY_WB_NODIRTY_sum_pct,         -nan
CORE_MEM_STALLING_LATENCY_WB_NODIRTY_sum_total_count,             0
CORE_MEM_STALLING_LATENCY_WB_NODIRTY_sum_total_pct,         -nan
CORE_MEM_STALLING_LATENCY_WB_NODIRTY_mean,         -nan
CORE_MEM_STALLING_LATENCY_WB_NODIRTY_stddev,         -nan
CORE_MEM_STALLING_LATENCY_WB_NODIRTY_total_mean,         -nan
CORE_MEM_STALLING_LATENCY_WB_NODIRTY_total_stddev,         -nan

TOTAL_L1_MISS_LATENCY_count,       1368444
TOTAL_L1_MISS_LATENCY_pct,      105.387
TOTAL_L1_MISS_LATENCY_total_count,       4208714
TOTAL_L1_MISS_LATENCY_total_pct,      129.951

TOTAL_L1_MISS_LATENCY_DEMAND_count,        779865
TOTAL_L1_MISS_LATENCY_DEMAND_pct,      108.465
TOTAL_L1_MISS_LATENCY_DEMAND_total_count,       2891811
TOTAL_L1_MISS_LATENCY_DEMAND_total_pct,      149.804

TOTAL_L1_MISS_LATENCY_PREF_count,        588579
TOTAL_L1_MISS_LATENCY_PREF_pct,      101.567
TOTAL_L1_MISS_LATENCY_PREF_total_count,       1316903
TOTAL_L1_MISS_LATENCY_PREF_total_pct,      100.658

CORE_L1_MISS_LATENCY_count,       1368444
CORE_L1_MISS_LATENCY_pct,      105.387
CORE_L1_MISS_LATENCY_total_count,       4208714
CORE_L1_MISS_LATENCY_total_pct,      129.951

CORE_L1_MISS_LATENCY_DEMAND_count,        779865
CORE_L1_MISS_LATENCY_DEMAND_pct,      108.465
CORE_L1_MISS_LATENCY_DEMAND_total_count,       2891811
CORE_L1_MISS_LATENCY_DEMAND_total_pct,      149.804

CORE_L1_MISS_LATENCY_PREF_count,        588579
CORE_L1_MISS_LATENCY_PREF_pct,      101.567
CORE_L1_MISS_LATENCY_PREF_total_count,       1316903
CORE_L1_MISS_LATENCY_PREF_total_pct,      100.658

CORE_EVICTED_L1_DEMAND_count,          1933
CORE_EVICTED_L1_DEMAND_pct,       74.633
CORE_EVICTED_L1_DEMAND_total_count,          1949
CORE_EVICTED_L1_DEMAND_total_pct,       74.703

CORE_EVICTED_L1_PREF_USED_count,           461
CORE_EVICTED_L1_PREF_USED_pct,       17.799
CORE_EVICTED_L1_PREF_USED_total_count,           463
CORE_EVICTED_L1_PREF_USED_total_pct,       17.746

CORE_EVICTED_L1_PREF_NOT_USED_count,           196
CORE_EVICTED_L1_PREF_NOT_USED_pct,        7.568
CORE_EVICTED_L1_PREF_NOT_USED_total_count,           197
CORE_EVICTED_L1_PREF_NOT_USED_total_pct,        7.551
CORE_EVICTED_L1_PREF_NOT_USED_sum_count,          2590
CORE_EVICTED_L1_PREF_NOT_USED_sum_pct,      100.000
CORE_EVICTED_L1_PREF_NOT_USED_sum_total_count,          2609
CORE_EVICTED_L1_PREF_NOT_USED_sum_total_pct,      100.000
CORE_EVICTED_L1_PREF_NOT_USED_mean,         0.33
CORE_EVICTED_L1_PREF_NOT_USED_stddev,         0.55
CORE_EVICTED_L1_PREF_NOT_USED_total_mean,         0.33
CORE_EVICTED_L1_PREF_NOT_USED_total_stddev,         0.55

CORE_EVICTED_MLC_DEMAND_count,         12912
CORE_EVICTED_MLC_DEMAND_pct,       94.193
CORE_EVICTED_MLC_DEMAND_total_count,         21976
CORE_EVICTED_MLC_DEMAND_total_pct,       88.197

CORE_EVICTED_MLC_PREF_USED_count,           337
CORE_EVICTED_MLC_PREF_USED_pct,        2.458
CORE_EVICTED_MLC_PREF_USED_total_count,           975
CORE_EVICTED_MLC_PREF_USED_total_pct,        3.913

CORE_EVICTED_MLC_PREF_NOT_USED_count,           459
CORE_EVICTED_MLC_PREF_NOT_USED_pct,        3.348
CORE_EVICTED_MLC_PREF_NOT_USED_total_count,          1966
CORE_EVICTED_MLC_PREF_NOT_USED_total_pct,        7.890
CORE_EVICTED_MLC_PREF_NOT_USED_sum_count,         13708
CORE_EVICTED_MLC_PREF_NOT_USED_sum_pct,      100.000
CORE_EVICTED_MLC_PREF_NOT_USED_sum_total_count,         24917
CORE_EVICTED_MLC_PREF_NOT_USED_sum_total_pct,      100.000
CORE_EVICTED_MLC_PREF_NOT_USED_mean,         0.09
CORE_EVICTED_MLC_PREF_NOT_USED_stddev,         0.38
CORE_EVICTED_MLC_PREF_NOT_USED_total_mean,         0.20
CORE_EVICTED_MLC_PREF_NOT_USED_total_stddev,         0.53

CORE_MEM_LATENCY_AVE_DEMAND_count,       1718148
CORE_MEM_LATENCY_AVE_DEMAND_pct,      888.850
CORE_MEM_LATENCY_AVE_DEMAND_total_count,       2629169
CORE_MEM_LATENCY_AVE_DEMAND_total_pct,     1348.984

CORE_MEM_LATENCY_AVE_PREF_USED_count,        125378
CORE_MEM_LATENCY_AVE_PREF_USED_pct,      271.970
CORE_MEM_LATENCY_AVE_PREF_USED_total_count,        392411
CORE_MEM_LATENCY_AVE_PREF_USED_total_pct,      847.540

CORE_MEM_LATENCY_AVE_PREF_NOT_USED_count,        122080
CORE_MEM_LATENCY_AVE_PREF_NOT_USED_pct,      622.857
CORE_MEM_LATENCY_AVE_PREF_NOT_USED_total_count,        788995
CORE_MEM_LATENCY_AVE_PREF_NOT_USED_total_pct,     4005.051

DRAM_LATENCY_count,             0
DRAM_LATENCY_total_count,             0

TOTAL_DRAM_LATENCY_count,             0
TOTAL_DRAM_LATENCY_total_count,             0

DRAM_CLOSED_PAGE_POLICY_CMD_count,             0
DRAM_CLOSED_PAGE_POLICY_CMD_total_count,             0

DRAM_ACTIVATE_STALLING_count,             0
DRAM_ACTIVATE_STALLING_total_count,             0

DRAM_PRECHARGE_STALLING_count,             0
DRAM_PRECHARGE_STALLING_total_count,             0

DRAM_PRECHARGE_STALLING_WAIT_CYCLES_count,             0
DRAM_PRECHARGE_STALLING_WAIT_CYCLES_total_count,             0

L1_STAY_DEMAND_count,   15347048734
L1_STAY_DEMAND_pct,  7939497.534
L1_STAY_DEMAND_total_count,   15424272364
L1_STAY_DEMAND_total_pct,  7913941.695

L1_STAY_PREF_USED_count,    3435777204
L1_STAY_PREF_USED_pct,  7452878.967
L1_STAY_PREF_USED_total_count,    3446023538
L1_STAY_PREF_USED_total_pct,  7442815.417

L1_STAY_PREF_NOT_USED_count,    1496530088
L1_STAY_PREF_NOT_USED_pct,  7635357.592
L1_STAY_PREF_NOT_USED_total_count,    1501433142
L1_STAY_PREF_NOT_USED_total_pct,  7621488.030

TOTAL_DATA_MISS_LATENCY_count,       1915005
TOTAL_DATA_MISS_LATENCY_total_count,       4478333

TOTAL_DATA_MISS_COUNT_count,         19504
TOTAL_DATA_MISS_COUNT_total_count,         43750

CORE_PREF_L1_NOT_USED_LATENCY200_count,           170
CORE_PREF_L1_NOT_USED_LATENCY200_pct,       86.735
CORE_PREF_L1_NOT_USED_LATENCY200_total_count,           170
CORE_PREF_L1_NOT_USED_LATENCY200_total_pct,       86.294

CORE_PREF_L1_NOT_USED_LATENCY400_count,            25
CORE_PREF_L1_NOT_USED_LATENCY400_pct,       12.755
CORE_PREF_L1_NOT_USED_LATENCY400_total_count,            26
CORE_PREF_L1_NOT_USED_LATENCY400_total_pct,       13.198

CORE_PREF_L1_NOT_USED_LATENCY600_count,             0
CORE_PREF_L1_NOT_USED_LATENCY600_pct,        0.000
CORE_PREF_L1_NOT_USED_LATENCY600_total_count,             0
CORE_PREF_L1_NOT_USED_LATENCY600_total_pct,        0.000

CORE_PREF_L1_NOT_USED_LATENCY800_count,             0
CORE_PREF_L1_NOT_USED_LATENCY800_pct,        0.000
CORE_PREF_L1_NOT_USED_LATENCY800_total_count,             0
CORE_PREF_L1_NOT_USED_LATENCY800_total_pct,        0.000

CORE_PREF_L1_NOT_USED_LATENCY1000_count,             0
CORE_PREF_L1_NOT_USED_LATENCY1000_pct,        0.000
CORE_PREF_L1_NOT_USED_LATENCY1000_total_count,             0
CORE_PREF_L1_NOT_USED_LATENCY1000_total_pct,        0.000

CORE_PREF_L1_NOT_USED_LATENCY1200_count,             0
CORE_PREF_L1_NOT_USED_LATENCY1200_pct,        0.000
CORE_PREF_L1_NOT_USED_LATENCY1200_total_count,             0
CORE_PREF_L1_NOT_USED_LATENCY1200_total_pct,        0.000

CORE_PREF_L1_NOT_USED_LATENCY1400_count,             1
CORE_PREF_L1_NOT_USED_LATENCY1400_pct,        0.510
CORE_PREF_L1_NOT_USED_LATENCY1400_total_count,             1
CORE_PREF_L1_NOT_USED_LATENCY1400_total_pct,        0.508

CORE_PREF_L1_NOT_USED_LATENCY1600_count,             0
CORE_PREF_L1_NOT_USED_LATENCY1600_pct,        0.000
CORE_PREF_L1_NOT_USED_LATENCY1600_total_count,             0
CORE_PREF_L1_NOT_USED_LATENCY1600_total_pct,        0.000

CORE_PREF_L1_NOT_USED_LATENCY1600MORE_count,             0
CORE_PREF_L1_NOT_USED_LATENCY1600MORE_pct,        0.000
CORE_PREF_L1_NOT_USED_LATENCY1600MORE_total_count,             0
CORE_PREF_L1_NOT_USED_LATENCY1600MORE_total_pct,        0.000
CORE_PREF_L1_NOT_USED_LATENCY1600MORE_sum_count,           196
CORE_PREF_L1_NOT_USED_LATENCY1600MORE_sum_pct,      100.000
CORE_PREF_L1_NOT_USED_LATENCY1600MORE_sum_total_count,           197
CORE_PREF_L1_NOT_USED_LATENCY1600MORE_sum_total_pct,      100.000
CORE_PREF_L1_NOT_USED_LATENCY1600MORE_mean,         0.16
CORE_PREF_L1_NOT_USED_LATENCY1600MORE_stddev,         0.52
CORE_PREF_L1_NOT_USED_LATENCY1600MORE_total_mean,         0.16
CORE_PREF_L1_NOT_USED_LATENCY1600MORE_total_stddev,         0.52

CORE_PREF_L1_NOT_USED_DISTANCE_1_count,             0
CORE_PREF_L1_NOT_USED_DISTANCE_1_pct,        0.000
CORE_PREF_L1_NOT_USED_DISTANCE_1_total_count,             0
CORE_PREF_L1_NOT_USED_DISTANCE_1_total_pct,        0.000

CORE_PREF_L1_NOT_USED_DISTANCE_2_count,             0
CORE_PREF_L1_NOT_USED_DISTANCE_2_pct,        0.000
CORE_PREF_L1_NOT_USED_DISTANCE_2_total_count,             0
CORE_PREF_L1_NOT_USED_DISTANCE_2_total_pct,        0.000

CORE_PREF_L1_NOT_USED_DISTANCE_4_count,            16
CORE_PREF_L1_NOT_USED_DISTANCE_4_pct,        8.163
CORE_PREF_L1_NOT_USED_DISTANCE_4_total_count,            16
CORE_PREF_L1_NOT_USED_DISTANCE_4_total_pct,        8.122

CORE_PREF_L1_NOT_USED_DISTANCE_8_count,            90
CORE_PREF_L1_NOT_USED_DISTANCE_8_pct,       45.918
CORE_PREF_L1_NOT_USED_DISTANCE_8_total_count,            91
CORE_PREF_L1_NOT_USED_DISTANCE_8_total_pct,       46.193

CORE_PREF_L1_NOT_USED_DISTANCE_16_count,            90
CORE_PREF_L1_NOT_USED_DISTANCE_16_pct,       45.918
CORE_PREF_L1_NOT_USED_DISTANCE_16_total_count,            90
CORE_PREF_L1_NOT_USED_DISTANCE_16_total_pct,       45.685

CORE_PREF_L1_NOT_USED_DISTANCE_32_count,             0
CORE_PREF_L1_NOT_USED_DISTANCE_32_pct,        0.000
CORE_PREF_L1_NOT_USED_DISTANCE_32_total_count,             0
CORE_PREF_L1_NOT_USED_DISTANCE_32_total_pct,        0.000

CORE_PREF_L1_NOT_USED_DISTANCE_MORE_count,             0
CORE_PREF_L1_NOT_USED_DISTANCE_MORE_pct,        0.000
CORE_PREF_L1_NOT_USED_DISTANCE_MORE_total_count,             0
CORE_PREF_L1_NOT_USED_DISTANCE_MORE_total_pct,        0.000
CORE_PREF_L1_NOT_USED_DISTANCE_MORE_sum_count,           196
CORE_PREF_L1_NOT_USED_DISTANCE_MORE_sum_pct,      100.000
CORE_PREF_L1_NOT_USED_DISTANCE_MORE_sum_total_count,           197
CORE_PREF_L1_NOT_USED_DISTANCE_MORE_sum_total_pct,      100.000
CORE_PREF_L1_NOT_USED_DISTANCE_MORE_mean,         3.38
CORE_PREF_L1_NOT_USED_DISTANCE_MORE_stddev,         0.63
CORE_PREF_L1_NOT_USED_DISTANCE_MORE_total_mean,         3.38
CORE_PREF_L1_NOT_USED_DISTANCE_MORE_total_stddev,         0.63

CORE_PREF_L1_USED_LATENCY200_count,           436
CORE_PREF_L1_USED_LATENCY200_pct,       94.577
CORE_PREF_L1_USED_LATENCY200_total_count,           438
CORE_PREF_L1_USED_LATENCY200_total_pct,       94.600

CORE_PREF_L1_USED_LATENCY400_count,            17
CORE_PREF_L1_USED_LATENCY400_pct,        3.688
CORE_PREF_L1_USED_LATENCY400_total_count,            17
CORE_PREF_L1_USED_LATENCY400_total_pct,        3.672

CORE_PREF_L1_USED_LATENCY600_count,             0
CORE_PREF_L1_USED_LATENCY600_pct,        0.000
CORE_PREF_L1_USED_LATENCY600_total_count,             0
CORE_PREF_L1_USED_LATENCY600_total_pct,        0.000

CORE_PREF_L1_USED_LATENCY800_count,             0
CORE_PREF_L1_USED_LATENCY800_pct,        0.000
CORE_PREF_L1_USED_LATENCY800_total_count,             0
CORE_PREF_L1_USED_LATENCY800_total_pct,        0.000

CORE_PREF_L1_USED_LATENCY1000_count,             0
CORE_PREF_L1_USED_LATENCY1000_pct,        0.000
CORE_PREF_L1_USED_LATENCY1000_total_count,             0
CORE_PREF_L1_USED_LATENCY1000_total_pct,        0.000

CORE_PREF_L1_USED_LATENCY1200_count,             2
CORE_PREF_L1_USED_LATENCY1200_pct,        0.434
CORE_PREF_L1_USED_LATENCY1200_total_count,             2
CORE_PREF_L1_USED_LATENCY1200_total_pct,        0.432

CORE_PREF_L1_USED_LATENCY1400_count,             5
CORE_PREF_L1_USED_LATENCY1400_pct,        1.085
CORE_PREF_L1_USED_LATENCY1400_total_count,             5
CORE_PREF_L1_USED_LATENCY1400_total_pct,        1.080

CORE_PREF_L1_USED_LATENCY1600_count,             1
CORE_PREF_L1_USED_LATENCY1600_pct,        0.217
CORE_PREF_L1_USED_LATENCY1600_total_count,             1
CORE_PREF_L1_USED_LATENCY1600_total_pct,        0.216

CORE_PREF_L1_USED_LATENCY1600MORE_count,             0
CORE_PREF_L1_USED_LATENCY1600MORE_pct,        0.000
CORE_PREF_L1_USED_LATENCY1600MORE_total_count,             0
CORE_PREF_L1_USED_LATENCY1600MORE_total_pct,        0.000
CORE_PREF_L1_USED_LATENCY1600MORE_sum_count,           461
CORE_PREF_L1_USED_LATENCY1600MORE_sum_pct,      100.000
CORE_PREF_L1_USED_LATENCY1600MORE_sum_total_count,           463
CORE_PREF_L1_USED_LATENCY1600MORE_sum_total_pct,      100.000
CORE_PREF_L1_USED_LATENCY1600MORE_mean,         0.14
CORE_PREF_L1_USED_LATENCY1600MORE_stddev,         0.78
CORE_PREF_L1_USED_LATENCY1600MORE_total_mean,         0.14
CORE_PREF_L1_USED_LATENCY1600MORE_total_stddev,         0.78

CORE_PREF_L1_USED_DISTANCE_1_count,             0
CORE_PREF_L1_USED_DISTANCE_1_pct,        0.000
CORE_PREF_L1_USED_DISTANCE_1_total_count,             0
CORE_PREF_L1_USED_DISTANCE_1_total_pct,        0.000

CORE_PREF_L1_USED_DISTANCE_2_count,             0
CORE_PREF_L1_USED_DISTANCE_2_pct,        0.000
CORE_PREF_L1_USED_DISTANCE_2_total_count,             0
CORE_PREF_L1_USED_DISTANCE_2_total_pct,        0.000

CORE_PREF_L1_USED_DISTANCE_4_count,            70
CORE_PREF_L1_USED_DISTANCE_4_pct,       15.184
CORE_PREF_L1_USED_DISTANCE_4_total_count,            72
CORE_PREF_L1_USED_DISTANCE_4_total_pct,       15.551

CORE_PREF_L1_USED_DISTANCE_8_count,           191
CORE_PREF_L1_USED_DISTANCE_8_pct,       41.432
CORE_PREF_L1_USED_DISTANCE_8_total_count,           191
CORE_PREF_L1_USED_DISTANCE_8_total_pct,       41.253

CORE_PREF_L1_USED_DISTANCE_16_count,           200
CORE_PREF_L1_USED_DISTANCE_16_pct,       43.384
CORE_PREF_L1_USED_DISTANCE_16_total_count,           200
CORE_PREF_L1_USED_DISTANCE_16_total_pct,       43.197

CORE_PREF_L1_USED_DISTANCE_32_count,             0
CORE_PREF_L1_USED_DISTANCE_32_pct,        0.000
CORE_PREF_L1_USED_DISTANCE_32_total_count,             0
CORE_PREF_L1_USED_DISTANCE_32_total_pct,        0.000

CORE_PREF_L1_USED_DISTANCE_MORE_count,             0
CORE_PREF_L1_USED_DISTANCE_MORE_pct,        0.000
CORE_PREF_L1_USED_DISTANCE_MORE_total_count,             0
CORE_PREF_L1_USED_DISTANCE_MORE_total_pct,        0.000
CORE_PREF_L1_USED_DISTANCE_MORE_sum_count,           461
CORE_PREF_L1_USED_DISTANCE_MORE_sum_pct,      100.000
CORE_PREF_L1_USED_DISTANCE_MORE_sum_total_count,           463
CORE_PREF_L1_USED_DISTANCE_MORE_sum_total_pct,      100.000
CORE_PREF_L1_USED_DISTANCE_MORE_mean,         3.28
CORE_PREF_L1_USED_DISTANCE_MORE_stddev,         0.71
CORE_PREF_L1_USED_DISTANCE_MORE_total_mean,         3.28
CORE_PREF_L1_USED_DISTANCE_MORE_total_stddev,         0.72

CORE_PREF_L1_DEMAND_LATENCY300_count,          1478
CORE_PREF_L1_DEMAND_LATENCY300_pct,       76.461
CORE_PREF_L1_DEMAND_LATENCY300_total_count,          1489
CORE_PREF_L1_DEMAND_LATENCY300_total_pct,       76.398

CORE_PREF_L1_DEMAND_LATENCY400_count,           125
CORE_PREF_L1_DEMAND_LATENCY400_pct,        6.467
CORE_PREF_L1_DEMAND_LATENCY400_total_count,           125
CORE_PREF_L1_DEMAND_LATENCY400_total_pct,        6.414

CORE_PREF_L1_DEMAND_LATENCY500_count,           111
CORE_PREF_L1_DEMAND_LATENCY500_pct,        5.742
CORE_PREF_L1_DEMAND_LATENCY500_total_count,           111
CORE_PREF_L1_DEMAND_LATENCY500_total_pct,        5.695

CORE_PREF_L1_DEMAND_LATENCY600_count,            73
CORE_PREF_L1_DEMAND_LATENCY600_pct,        3.777
CORE_PREF_L1_DEMAND_LATENCY600_total_count,            74
CORE_PREF_L1_DEMAND_LATENCY600_total_pct,        3.797

CORE_PREF_L1_DEMAND_LATENCY700_count,            38
CORE_PREF_L1_DEMAND_LATENCY700_pct,        1.966
CORE_PREF_L1_DEMAND_LATENCY700_total_count,            39
CORE_PREF_L1_DEMAND_LATENCY700_total_pct,        2.001

CORE_PREF_L1_DEMAND_LATENCY800_count,            27
CORE_PREF_L1_DEMAND_LATENCY800_pct,        1.397
CORE_PREF_L1_DEMAND_LATENCY800_total_count,            29
CORE_PREF_L1_DEMAND_LATENCY800_total_pct,        1.488

CORE_PREF_L1_DEMAND_LATENCY900_count,            19
CORE_PREF_L1_DEMAND_LATENCY900_pct,        0.983
CORE_PREF_L1_DEMAND_LATENCY900_total_count,            19
CORE_PREF_L1_DEMAND_LATENCY900_total_pct,        0.975

CORE_PREF_L1_DEMAND_LATENCY1000_count,            17
CORE_PREF_L1_DEMAND_LATENCY1000_pct,        0.879
CORE_PREF_L1_DEMAND_LATENCY1000_total_count,            17
CORE_PREF_L1_DEMAND_LATENCY1000_total_pct,        0.872

CORE_PREF_L1_DEMAND_LATENCY1000MORE_count,            45
CORE_PREF_L1_DEMAND_LATENCY1000MORE_pct,        2.328
CORE_PREF_L1_DEMAND_LATENCY1000MORE_total_count,            46
CORE_PREF_L1_DEMAND_LATENCY1000MORE_total_pct,        2.360
CORE_PREF_L1_DEMAND_LATENCY1000MORE_sum_count,          1933
CORE_PREF_L1_DEMAND_LATENCY1000MORE_sum_pct,      100.000
CORE_PREF_L1_DEMAND_LATENCY1000MORE_sum_total_count,          1949
CORE_PREF_L1_DEMAND_LATENCY1000MORE_sum_total_pct,      100.000
CORE_PREF_L1_DEMAND_LATENCY1000MORE_mean,         0.75
CORE_PREF_L1_DEMAND_LATENCY1000MORE_stddev,         1.61
CORE_PREF_L1_DEMAND_LATENCY1000MORE_total_mean,         0.75
CORE_PREF_L1_DEMAND_LATENCY1000MORE_total_stddev,         1.62

CORE_PREF_MLC_NOT_USED_LATENCY200_count,           275
CORE_PREF_MLC_NOT_USED_LATENCY200_pct,       59.913
CORE_PREF_MLC_NOT_USED_LATENCY200_total_count,           546
CORE_PREF_MLC_NOT_USED_LATENCY200_total_pct,       27.772

CORE_PREF_MLC_NOT_USED_LATENCY400_count,            68
CORE_PREF_MLC_NOT_USED_LATENCY400_pct,       14.815
CORE_PREF_MLC_NOT_USED_LATENCY400_total_count,           617
CORE_PREF_MLC_NOT_USED_LATENCY400_total_pct,       31.384

CORE_PREF_MLC_NOT_USED_LATENCY600_count,            85
CORE_PREF_MLC_NOT_USED_LATENCY600_pct,       18.519
CORE_PREF_MLC_NOT_USED_LATENCY600_total_count,           464
CORE_PREF_MLC_NOT_USED_LATENCY600_total_pct,       23.601

CORE_PREF_MLC_NOT_USED_LATENCY800_count,            30
CORE_PREF_MLC_NOT_USED_LATENCY800_pct,        6.536
CORE_PREF_MLC_NOT_USED_LATENCY800_total_count,           197
CORE_PREF_MLC_NOT_USED_LATENCY800_total_pct,       10.020

CORE_PREF_MLC_NOT_USED_LATENCY1000_count,             0
CORE_PREF_MLC_NOT_USED_LATENCY1000_pct,        0.000
CORE_PREF_MLC_NOT_USED_LATENCY1000_total_count,            74
CORE_PREF_MLC_NOT_USED_LATENCY1000_total_pct,        3.764

CORE_PREF_MLC_NOT_USED_LATENCY1200_count,             0
CORE_PREF_MLC_NOT_USED_LATENCY1200_pct,        0.000
CORE_PREF_MLC_NOT_USED_LATENCY1200_total_count,            21
CORE_PREF_MLC_NOT_USED_LATENCY1200_total_pct,        1.068

CORE_PREF_MLC_NOT_USED_LATENCY1400_count,             0
CORE_PREF_MLC_NOT_USED_LATENCY1400_pct,        0.000
CORE_PREF_MLC_NOT_USED_LATENCY1400_total_count,             9
CORE_PREF_MLC_NOT_USED_LATENCY1400_total_pct,        0.458

CORE_PREF_MLC_NOT_USED_LATENCY1600_count,             0
CORE_PREF_MLC_NOT_USED_LATENCY1600_pct,        0.000
CORE_PREF_MLC_NOT_USED_LATENCY1600_total_count,             8
CORE_PREF_MLC_NOT_USED_LATENCY1600_total_pct,        0.407

CORE_PREF_MLC_NOT_USED_LATENCY1600MORE_count,             1
CORE_PREF_MLC_NOT_USED_LATENCY1600MORE_pct,        0.218
CORE_PREF_MLC_NOT_USED_LATENCY1600MORE_total_count,            30
CORE_PREF_MLC_NOT_USED_LATENCY1600MORE_total_pct,        1.526
CORE_PREF_MLC_NOT_USED_LATENCY1600MORE_sum_count,           459
CORE_PREF_MLC_NOT_USED_LATENCY1600MORE_sum_pct,      100.000
CORE_PREF_MLC_NOT_USED_LATENCY1600MORE_sum_total_count,          1966
CORE_PREF_MLC_NOT_USED_LATENCY1600MORE_sum_total_pct,      100.000
CORE_PREF_MLC_NOT_USED_LATENCY1600MORE_mean,         0.73
CORE_PREF_MLC_NOT_USED_LATENCY1600MORE_stddev,         0.87
CORE_PREF_MLC_NOT_USED_LATENCY1600MORE_total_mean,         1.47
CORE_PREF_MLC_NOT_USED_LATENCY1600MORE_total_stddev,         1.28

CORE_PREF_MLC_USED_LATENCY200_count,           195
CORE_PREF_MLC_USED_LATENCY200_pct,       57.864
CORE_PREF_MLC_USED_LATENCY200_total_count,           343
CORE_PREF_MLC_USED_LATENCY200_total_pct,       35.179

CORE_PREF_MLC_USED_LATENCY400_count,            76
CORE_PREF_MLC_USED_LATENCY400_pct,       22.552
CORE_PREF_MLC_USED_LATENCY400_total_count,           300
CORE_PREF_MLC_USED_LATENCY400_total_pct,       30.769

CORE_PREF_MLC_USED_LATENCY600_count,            39
CORE_PREF_MLC_USED_LATENCY600_pct,       11.573
CORE_PREF_MLC_USED_LATENCY600_total_count,           198
CORE_PREF_MLC_USED_LATENCY600_total_pct,       20.308

CORE_PREF_MLC_USED_LATENCY800_count,            17
CORE_PREF_MLC_USED_LATENCY800_pct,        5.045
CORE_PREF_MLC_USED_LATENCY800_total_count,            79
CORE_PREF_MLC_USED_LATENCY800_total_pct,        8.103

CORE_PREF_MLC_USED_LATENCY1000_count,             7
CORE_PREF_MLC_USED_LATENCY1000_pct,        2.077
CORE_PREF_MLC_USED_LATENCY1000_total_count,            15
CORE_PREF_MLC_USED_LATENCY1000_total_pct,        1.538

CORE_PREF_MLC_USED_LATENCY1200_count,             1
CORE_PREF_MLC_USED_LATENCY1200_pct,        0.297
CORE_PREF_MLC_USED_LATENCY1200_total_count,             4
CORE_PREF_MLC_USED_LATENCY1200_total_pct,        0.410

CORE_PREF_MLC_USED_LATENCY1400_count,             0
CORE_PREF_MLC_USED_LATENCY1400_pct,        0.000
CORE_PREF_MLC_USED_LATENCY1400_total_count,            10
CORE_PREF_MLC_USED_LATENCY1400_total_pct,        1.026

CORE_PREF_MLC_USED_LATENCY1600_count,             0
CORE_PREF_MLC_USED_LATENCY1600_pct,        0.000
CORE_PREF_MLC_USED_LATENCY1600_total_count,            10
CORE_PREF_MLC_USED_LATENCY1600_total_pct,        1.026

CORE_PREF_MLC_USED_LATENCY1600MORE_count,             2
CORE_PREF_MLC_USED_LATENCY1600MORE_pct,        0.593
CORE_PREF_MLC_USED_LATENCY1600MORE_total_count,            16
CORE_PREF_MLC_USED_LATENCY1600MORE_total_pct,        1.641
CORE_PREF_MLC_USED_LATENCY1600MORE_sum_count,           337
CORE_PREF_MLC_USED_LATENCY1600MORE_sum_pct,      100.000
CORE_PREF_MLC_USED_LATENCY1600MORE_sum_total_count,           975
CORE_PREF_MLC_USED_LATENCY1600MORE_sum_total_pct,      100.000
CORE_PREF_MLC_USED_LATENCY1600MORE_mean,         0.75
CORE_PREF_MLC_USED_LATENCY1600MORE_stddev,         1.02
CORE_PREF_MLC_USED_LATENCY1600MORE_total_mean,         1.30
CORE_PREF_MLC_USED_LATENCY1600MORE_total_stddev,         1.36

CORE_PREF_MLC_DEMAND_LATENCY300_count,         12743
CORE_PREF_MLC_DEMAND_LATENCY300_pct,       98.691
CORE_PREF_MLC_DEMAND_LATENCY300_total_count,         21664
CORE_PREF_MLC_DEMAND_LATENCY300_total_pct,       98.580

CORE_PREF_MLC_DEMAND_LATENCY400_count,            59
CORE_PREF_MLC_DEMAND_LATENCY400_pct,        0.457
CORE_PREF_MLC_DEMAND_LATENCY400_total_count,           106
CORE_PREF_MLC_DEMAND_LATENCY400_total_pct,        0.482

CORE_PREF_MLC_DEMAND_LATENCY500_count,             6
CORE_PREF_MLC_DEMAND_LATENCY500_pct,        0.046
CORE_PREF_MLC_DEMAND_LATENCY500_total_count,            14
CORE_PREF_MLC_DEMAND_LATENCY500_total_pct,        0.064

CORE_PREF_MLC_DEMAND_LATENCY600_count,             5
CORE_PREF_MLC_DEMAND_LATENCY600_pct,        0.039
CORE_PREF_MLC_DEMAND_LATENCY600_total_count,            11
CORE_PREF_MLC_DEMAND_LATENCY600_total_pct,        0.050

CORE_PREF_MLC_DEMAND_LATENCY700_count,             5
CORE_PREF_MLC_DEMAND_LATENCY700_pct,        0.039
CORE_PREF_MLC_DEMAND_LATENCY700_total_count,             7
CORE_PREF_MLC_DEMAND_LATENCY700_total_pct,        0.032

CORE_PREF_MLC_DEMAND_LATENCY800_count,             9
CORE_PREF_MLC_DEMAND_LATENCY800_pct,        0.070
CORE_PREF_MLC_DEMAND_LATENCY800_total_count,            15
CORE_PREF_MLC_DEMAND_LATENCY800_total_pct,        0.068

CORE_PREF_MLC_DEMAND_LATENCY900_count,             5
CORE_PREF_MLC_DEMAND_LATENCY900_pct,        0.039
CORE_PREF_MLC_DEMAND_LATENCY900_total_count,            12
CORE_PREF_MLC_DEMAND_LATENCY900_total_pct,        0.055

CORE_PREF_MLC_DEMAND_LATENCY1000_count,             8
CORE_PREF_MLC_DEMAND_LATENCY1000_pct,        0.062
CORE_PREF_MLC_DEMAND_LATENCY1000_total_count,            12
CORE_PREF_MLC_DEMAND_LATENCY1000_total_pct,        0.055

CORE_PREF_MLC_DEMAND_LATENCY1000MORE_count,            72
CORE_PREF_MLC_DEMAND_LATENCY1000MORE_pct,        0.558
CORE_PREF_MLC_DEMAND_LATENCY1000MORE_total_count,           135
CORE_PREF_MLC_DEMAND_LATENCY1000MORE_total_pct,        0.614
CORE_PREF_MLC_DEMAND_LATENCY1000MORE_sum_count,         12912
CORE_PREF_MLC_DEMAND_LATENCY1000MORE_sum_pct,      100.000
CORE_PREF_MLC_DEMAND_LATENCY1000MORE_sum_total_count,         21976
CORE_PREF_MLC_DEMAND_LATENCY1000MORE_sum_total_pct,      100.000
CORE_PREF_MLC_DEMAND_LATENCY1000MORE_mean,         0.06
CORE_PREF_MLC_DEMAND_LATENCY1000MORE_stddev,         0.65
CORE_PREF_MLC_DEMAND_LATENCY1000MORE_total_mean,         0.07
CORE_PREF_MLC_DEMAND_LATENCY1000MORE_total_stddev,         0.68

TOTAL_BATCH_FORMED_count,             0
TOTAL_BATCH_FORMED_total_count,             0

TOTAL_BATCH_MEM_REQ_MARKED_count,             0
TOTAL_BATCH_MEM_REQ_MARKED_pct,         -nan
TOTAL_BATCH_MEM_REQ_MARKED_total_count,             0
TOTAL_BATCH_MEM_REQ_MARKED_total_pct,         -nan

CORE_BATCH_MEM_REQ_MARKED_count,             0
CORE_BATCH_MEM_REQ_MARKED_pct,         -nan
CORE_BATCH_MEM_REQ_MARKED_total_count,             0
CORE_BATCH_MEM_REQ_MARKED_total_pct,         -nan

CORE_BATCH_MEM_REQ_MARKED_DEMAND_count,             0
CORE_BATCH_MEM_REQ_MARKED_DEMAND_pct,         -nan
CORE_BATCH_MEM_REQ_MARKED_DEMAND_total_count,             0
CORE_BATCH_MEM_REQ_MARKED_DEMAND_total_pct,         -nan

CORE_BATCH_MEM_REQ_MARKED_PREF_count,             0
CORE_BATCH_MEM_REQ_MARKED_PREF_pct,         -nan
CORE_BATCH_MEM_REQ_MARKED_PREF_total_count,             0
CORE_BATCH_MEM_REQ_MARKED_PREF_total_pct,         -nan

DRAM_ROW_BATCHES_count,             0
DRAM_ROW_BATCHES_total_count,             0

REJECTED_QUEUE_MLC_count,             0
REJECTED_QUEUE_MLC_total_count,             0

REJECTED_QUEUE_L1_count,             0
REJECTED_QUEUE_L1_total_count,             0

REJECTED_QUEUE_BUS_OUT_count,             0
REJECTED_QUEUE_BUS_OUT_total_count,             0

LEADING_LOAD_LATENCY_count,             0
LEADING_LOAD_LATENCY_pct,        0.000
LEADING_LOAD_LATENCY_total_count,             0
LEADING_LOAD_LATENCY_total_pct,        0.000

LEADING_LOADS_count,             0
LEADING_LOADS_pct,        0.000
LEADING_LOADS_total_count,             0
LEADING_LOADS_total_pct,        0.000

MEM_REQ_CRITICAL_PATH_LENGTH_count,             0
MEM_REQ_CRITICAL_PATH_LENGTH_pct,        0.000
MEM_REQ_CRITICAL_PATH_LENGTH_total_count,             0
MEM_REQ_CRITICAL_PATH_LENGTH_total_pct,        0.000

TOTAL_MEM_REQ_LATENCY_count,             0
TOTAL_MEM_REQ_LATENCY_total_count,             0

TOTAL_CRITICAL_MEM_REQ_LATENCY_count,             0
TOTAL_CRITICAL_MEM_REQ_LATENCY_pct,         -nan
TOTAL_CRITICAL_MEM_REQ_LATENCY_total_count,             0
TOTAL_CRITICAL_MEM_REQ_LATENCY_total_pct,         -nan

TOTAL_CRITICAL_BANK_LATENCY_count,             0
TOTAL_CRITICAL_BANK_LATENCY_pct,         -nan
TOTAL_CRITICAL_BANK_LATENCY_total_count,             0
TOTAL_CRITICAL_BANK_LATENCY_total_pct,         -nan

TOTAL_MEMORY_SLACK_count,             0
TOTAL_MEMORY_SLACK_pct,        0.000
TOTAL_MEMORY_SLACK_total_count,             0
TOTAL_MEMORY_SLACK_total_pct,        0.000

TOTAL_CHIP_UTILIZATION_count,             0
TOTAL_CHIP_UTILIZATION_pct,        0.000
TOTAL_CHIP_UTILIZATION_total_count,             0
TOTAL_CHIP_UTILIZATION_total_pct,        0.000

CHIP_BUSY_UNDER_CRITICAL_REQS_count,             0
CHIP_BUSY_UNDER_CRITICAL_REQS_pct,        0.000
CHIP_BUSY_UNDER_CRITICAL_REQS_total_count,             0
CHIP_BUSY_UNDER_CRITICAL_REQS_total_pct,        0.000

PERF_PRED_NUM_STAT_RESETS_count,             0
PERF_PRED_NUM_STAT_RESETS_total_count,             0

PERF_PRED_RESET_STATS_CYCLE_count,             0
PERF_PRED_RESET_STATS_CYCLE_total_count,             0

PERF_PRED_CYCLE_count,      10480334
PERF_PRED_CYCLE_total_count,      15673217

ESTIMATED_ALONE_CYCLES_count,             0
ESTIMATED_ALONE_CYCLES_pct,        0.000
ESTIMATED_ALONE_CYCLES_total_count,             0
ESTIMATED_ALONE_CYCLES_total_pct,        0.000

NUM_WINDOWS_WITH_DCACHE_MISS_count,         10222
NUM_WINDOWS_WITH_DCACHE_MISS_total_count,         20310

LONGEST_DCACHE_MISS_CHAIN_count,         25940
LONGEST_DCACHE_MISS_CHAIN_total_count,         50680

NUM_DCACHE_MISSES_IN_WINDOW_1_count,          2866
NUM_DCACHE_MISSES_IN_WINDOW_1_pct,       28.038
NUM_DCACHE_MISSES_IN_WINDOW_1_total_count,          5806
NUM_DCACHE_MISSES_IN_WINDOW_1_total_pct,       28.587

NUM_DCACHE_MISSES_IN_WINDOW_2_count,          2156
NUM_DCACHE_MISSES_IN_WINDOW_2_pct,       21.092
NUM_DCACHE_MISSES_IN_WINDOW_2_total_count,          4216
NUM_DCACHE_MISSES_IN_WINDOW_2_total_pct,       20.758

NUM_DCACHE_MISSES_IN_WINDOW_3_count,          1628
NUM_DCACHE_MISSES_IN_WINDOW_3_pct,       15.926
NUM_DCACHE_MISSES_IN_WINDOW_3_total_count,          3214
NUM_DCACHE_MISSES_IN_WINDOW_3_total_pct,       15.825

NUM_DCACHE_MISSES_IN_WINDOW_4_count,          1166
NUM_DCACHE_MISSES_IN_WINDOW_4_pct,       11.407
NUM_DCACHE_MISSES_IN_WINDOW_4_total_count,          2240
NUM_DCACHE_MISSES_IN_WINDOW_4_total_pct,       11.029

NUM_DCACHE_MISSES_IN_WINDOW_5_count,           838
NUM_DCACHE_MISSES_IN_WINDOW_5_pct,        8.198
NUM_DCACHE_MISSES_IN_WINDOW_5_total_count,          1683
NUM_DCACHE_MISSES_IN_WINDOW_5_total_pct,        8.287

NUM_DCACHE_MISSES_IN_WINDOW_6_count,           486
NUM_DCACHE_MISSES_IN_WINDOW_6_pct,        4.754
NUM_DCACHE_MISSES_IN_WINDOW_6_total_count,          1006
NUM_DCACHE_MISSES_IN_WINDOW_6_total_pct,        4.953

NUM_DCACHE_MISSES_IN_WINDOW_7_count,           278
NUM_DCACHE_MISSES_IN_WINDOW_7_pct,        2.720
NUM_DCACHE_MISSES_IN_WINDOW_7_total_count,           592
NUM_DCACHE_MISSES_IN_WINDOW_7_total_pct,        2.915

NUM_DCACHE_MISSES_IN_WINDOW_8_count,           191
NUM_DCACHE_MISSES_IN_WINDOW_8_pct,        1.869
NUM_DCACHE_MISSES_IN_WINDOW_8_total_count,           360
NUM_DCACHE_MISSES_IN_WINDOW_8_total_pct,        1.773

NUM_DCACHE_MISSES_IN_WINDOW_9_count,           137
NUM_DCACHE_MISSES_IN_WINDOW_9_pct,        1.340
NUM_DCACHE_MISSES_IN_WINDOW_9_total_count,           277
NUM_DCACHE_MISSES_IN_WINDOW_9_total_pct,        1.364

NUM_DCACHE_MISSES_IN_WINDOW_10_count,           110
NUM_DCACHE_MISSES_IN_WINDOW_10_pct,        1.076
NUM_DCACHE_MISSES_IN_WINDOW_10_total_count,           209
NUM_DCACHE_MISSES_IN_WINDOW_10_total_pct,        1.029

NUM_DCACHE_MISSES_IN_WINDOW_11_count,            92
NUM_DCACHE_MISSES_IN_WINDOW_11_pct,        0.900
NUM_DCACHE_MISSES_IN_WINDOW_11_total_count,           164
NUM_DCACHE_MISSES_IN_WINDOW_11_total_pct,        0.807

NUM_DCACHE_MISSES_IN_WINDOW_12_count,            55
NUM_DCACHE_MISSES_IN_WINDOW_12_pct,        0.538
NUM_DCACHE_MISSES_IN_WINDOW_12_total_count,           123
NUM_DCACHE_MISSES_IN_WINDOW_12_total_pct,        0.606

NUM_DCACHE_MISSES_IN_WINDOW_13_count,            53
NUM_DCACHE_MISSES_IN_WINDOW_13_pct,        0.518
NUM_DCACHE_MISSES_IN_WINDOW_13_total_count,            97
NUM_DCACHE_MISSES_IN_WINDOW_13_total_pct,        0.478

NUM_DCACHE_MISSES_IN_WINDOW_14_count,            35
NUM_DCACHE_MISSES_IN_WINDOW_14_pct,        0.342
NUM_DCACHE_MISSES_IN_WINDOW_14_total_count,            69
NUM_DCACHE_MISSES_IN_WINDOW_14_total_pct,        0.340

NUM_DCACHE_MISSES_IN_WINDOW_15_count,            24
NUM_DCACHE_MISSES_IN_WINDOW_15_pct,        0.235
NUM_DCACHE_MISSES_IN_WINDOW_15_total_count,            54
NUM_DCACHE_MISSES_IN_WINDOW_15_total_pct,        0.266

NUM_DCACHE_MISSES_IN_WINDOW_16_OR_MORE_count,           107
NUM_DCACHE_MISSES_IN_WINDOW_16_OR_MORE_pct,        1.047
NUM_DCACHE_MISSES_IN_WINDOW_16_OR_MORE_total_count,           200
NUM_DCACHE_MISSES_IN_WINDOW_16_OR_MORE_total_pct,        0.985
NUM_DCACHE_MISSES_IN_WINDOW_16_OR_MORE_sum_count,         10222
NUM_DCACHE_MISSES_IN_WINDOW_16_OR_MORE_sum_pct,      100.000
NUM_DCACHE_MISSES_IN_WINDOW_16_OR_MORE_sum_total_count,         20310
NUM_DCACHE_MISSES_IN_WINDOW_16_OR_MORE_sum_total_pct,      100.000
NUM_DCACHE_MISSES_IN_WINDOW_16_OR_MORE_mean,         2.38
NUM_DCACHE_MISSES_IN_WINDOW_16_OR_MORE_stddev,         2.55
NUM_DCACHE_MISSES_IN_WINDOW_16_OR_MORE_total_mean,         2.37
NUM_DCACHE_MISSES_IN_WINDOW_16_OR_MORE_total_stddev,         2.53

DCACHE_MLP_IN_WINDOW_1_0_count,          6561
DCACHE_MLP_IN_WINDOW_1_0_pct,       64.185
DCACHE_MLP_IN_WINDOW_1_0_total_count,         12725
DCACHE_MLP_IN_WINDOW_1_0_total_pct,       62.654

DCACHE_MLP_IN_WINDOW_1_5_count,          2079
DCACHE_MLP_IN_WINDOW_1_5_pct,       20.338
DCACHE_MLP_IN_WINDOW_1_5_total_count,          4177
DCACHE_MLP_IN_WINDOW_1_5_total_pct,       20.566

DCACHE_MLP_IN_WINDOW_2_0_count,           915
DCACHE_MLP_IN_WINDOW_2_0_pct,        8.951
DCACHE_MLP_IN_WINDOW_2_0_total_count,          1901
DCACHE_MLP_IN_WINDOW_2_0_total_pct,        9.360

DCACHE_MLP_IN_WINDOW_2_5_count,           265
DCACHE_MLP_IN_WINDOW_2_5_pct,        2.592
DCACHE_MLP_IN_WINDOW_2_5_total_count,           579
DCACHE_MLP_IN_WINDOW_2_5_total_pct,        2.851

DCACHE_MLP_IN_WINDOW_3_0_count,           215
DCACHE_MLP_IN_WINDOW_3_0_pct,        2.103
DCACHE_MLP_IN_WINDOW_3_0_total_count,           504
DCACHE_MLP_IN_WINDOW_3_0_total_pct,        2.482

DCACHE_MLP_IN_WINDOW_3_5_count,            26
DCACHE_MLP_IN_WINDOW_3_5_pct,        0.254
DCACHE_MLP_IN_WINDOW_3_5_total_count,            63
DCACHE_MLP_IN_WINDOW_3_5_total_pct,        0.310

DCACHE_MLP_IN_WINDOW_4_0_count,            98
DCACHE_MLP_IN_WINDOW_4_0_pct,        0.959
DCACHE_MLP_IN_WINDOW_4_0_total_count,           216
DCACHE_MLP_IN_WINDOW_4_0_total_pct,        1.064

DCACHE_MLP_IN_WINDOW_4_5_count,             3
DCACHE_MLP_IN_WINDOW_4_5_pct,        0.029
DCACHE_MLP_IN_WINDOW_4_5_total_count,             5
DCACHE_MLP_IN_WINDOW_4_5_total_pct,        0.025

DCACHE_MLP_IN_WINDOW_5_0_count,            45
DCACHE_MLP_IN_WINDOW_5_0_pct,        0.440
DCACHE_MLP_IN_WINDOW_5_0_total_count,           104
DCACHE_MLP_IN_WINDOW_5_0_total_pct,        0.512

DCACHE_MLP_IN_WINDOW_5_5_count,             0
DCACHE_MLP_IN_WINDOW_5_5_pct,        0.000
DCACHE_MLP_IN_WINDOW_5_5_total_count,             0
DCACHE_MLP_IN_WINDOW_5_5_total_pct,        0.000

DCACHE_MLP_IN_WINDOW_6_0_count,            11
DCACHE_MLP_IN_WINDOW_6_0_pct,        0.108
DCACHE_MLP_IN_WINDOW_6_0_total_count,            30
DCACHE_MLP_IN_WINDOW_6_0_total_pct,        0.148

DCACHE_MLP_IN_WINDOW_6_5_count,             0
DCACHE_MLP_IN_WINDOW_6_5_pct,        0.000
DCACHE_MLP_IN_WINDOW_6_5_total_count,             0
DCACHE_MLP_IN_WINDOW_6_5_total_pct,        0.000

DCACHE_MLP_IN_WINDOW_7_0_count,             2
DCACHE_MLP_IN_WINDOW_7_0_pct,        0.020
DCACHE_MLP_IN_WINDOW_7_0_total_count,             4
DCACHE_MLP_IN_WINDOW_7_0_total_pct,        0.020

DCACHE_MLP_IN_WINDOW_7_5_count,             0
DCACHE_MLP_IN_WINDOW_7_5_pct,        0.000
DCACHE_MLP_IN_WINDOW_7_5_total_count,             0
DCACHE_MLP_IN_WINDOW_7_5_total_pct,        0.000

DCACHE_MLP_IN_WINDOW_8_0_count,             2
DCACHE_MLP_IN_WINDOW_8_0_pct,        0.020
DCACHE_MLP_IN_WINDOW_8_0_total_count,             2
DCACHE_MLP_IN_WINDOW_8_0_total_pct,        0.010

DCACHE_MLP_IN_WINDOW_8_5_OR_MORE_count,             0
DCACHE_MLP_IN_WINDOW_8_5_OR_MORE_pct,        0.000
DCACHE_MLP_IN_WINDOW_8_5_OR_MORE_total_count,             0
DCACHE_MLP_IN_WINDOW_8_5_OR_MORE_total_pct,        0.000
DCACHE_MLP_IN_WINDOW_8_5_OR_MORE_sum_count,         10222
DCACHE_MLP_IN_WINDOW_8_5_OR_MORE_sum_pct,      100.000
DCACHE_MLP_IN_WINDOW_8_5_OR_MORE_sum_total_count,         20310
DCACHE_MLP_IN_WINDOW_8_5_OR_MORE_sum_total_pct,      100.000
DCACHE_MLP_IN_WINDOW_8_5_OR_MORE_mean,         0.67
DCACHE_MLP_IN_WINDOW_8_5_OR_MORE_stddev,         1.13
DCACHE_MLP_IN_WINDOW_8_5_OR_MORE_total_mean,         0.72
DCACHE_MLP_IN_WINDOW_8_5_OR_MORE_total_stddev,         1.18

PARAM_CHIP_CYCLE_TIME_count,             0
PARAM_CHIP_CYCLE_TIME_total_count,             0

PARAM_CORE_CYCLE_TIME_count,             0
PARAM_CORE_CYCLE_TIME_total_count,        312500

PARAM_L1_CYCLE_TIME_count,             0
PARAM_L1_CYCLE_TIME_total_count,        312500

PARAM_MEMORY_CYCLE_TIME_count,             0
PARAM_MEMORY_CYCLE_TIME_total_count,        833333

MEM_REQ_NON_SCHEDULED__0_count,             0
MEM_REQ_NON_SCHEDULED__0_pct,         -nan
MEM_REQ_NON_SCHEDULED__0_total_count,             0
MEM_REQ_NON_SCHEDULED__0_total_pct,         -nan

MEM_REQ_NON_SCHEDULED__4_count,             0
MEM_REQ_NON_SCHEDULED__4_pct,         -nan
MEM_REQ_NON_SCHEDULED__4_total_count,             0
MEM_REQ_NON_SCHEDULED__4_total_pct,         -nan

MEM_REQ_NON_SCHEDULED__8_count,             0
MEM_REQ_NON_SCHEDULED__8_pct,         -nan
MEM_REQ_NON_SCHEDULED__8_total_count,             0
MEM_REQ_NON_SCHEDULED__8_total_pct,         -nan

MEM_REQ_NON_SCHEDULED_12_count,             0
MEM_REQ_NON_SCHEDULED_12_pct,         -nan
MEM_REQ_NON_SCHEDULED_12_total_count,             0
MEM_REQ_NON_SCHEDULED_12_total_pct,         -nan

MEM_REQ_NON_SCHEDULED_16_count,             0
MEM_REQ_NON_SCHEDULED_16_pct,         -nan
MEM_REQ_NON_SCHEDULED_16_total_count,             0
MEM_REQ_NON_SCHEDULED_16_total_pct,         -nan

MEM_REQ_NON_SCHEDULED_20_count,             0
MEM_REQ_NON_SCHEDULED_20_pct,         -nan
MEM_REQ_NON_SCHEDULED_20_total_count,             0
MEM_REQ_NON_SCHEDULED_20_total_pct,         -nan

MEM_REQ_NON_SCHEDULED_24_count,             0
MEM_REQ_NON_SCHEDULED_24_pct,         -nan
MEM_REQ_NON_SCHEDULED_24_total_count,             0
MEM_REQ_NON_SCHEDULED_24_total_pct,         -nan

MEM_REQ_NON_SCHEDULED_28_count,             0
MEM_REQ_NON_SCHEDULED_28_pct,         -nan
MEM_REQ_NON_SCHEDULED_28_total_count,             0
MEM_REQ_NON_SCHEDULED_28_total_pct,         -nan

MEM_REQ_NON_SCHEDULED_32_count,             0
MEM_REQ_NON_SCHEDULED_32_pct,         -nan
MEM_REQ_NON_SCHEDULED_32_total_count,             0
MEM_REQ_NON_SCHEDULED_32_total_pct,         -nan

MEM_REQ_NON_SCHEDULED_36_count,             0
MEM_REQ_NON_SCHEDULED_36_pct,         -nan
MEM_REQ_NON_SCHEDULED_36_total_count,             0
MEM_REQ_NON_SCHEDULED_36_total_pct,         -nan

MEM_REQ_NON_SCHEDULED_40_count,             0
MEM_REQ_NON_SCHEDULED_40_pct,         -nan
MEM_REQ_NON_SCHEDULED_40_total_count,             0
MEM_REQ_NON_SCHEDULED_40_total_pct,         -nan

MEM_REQ_NON_SCHEDULED_44_count,             0
MEM_REQ_NON_SCHEDULED_44_pct,         -nan
MEM_REQ_NON_SCHEDULED_44_total_count,             0
MEM_REQ_NON_SCHEDULED_44_total_pct,         -nan

MEM_REQ_NON_SCHEDULED_48_count,             0
MEM_REQ_NON_SCHEDULED_48_pct,         -nan
MEM_REQ_NON_SCHEDULED_48_total_count,             0
MEM_REQ_NON_SCHEDULED_48_total_pct,         -nan

MEM_REQ_NON_SCHEDULED_52_count,             0
MEM_REQ_NON_SCHEDULED_52_pct,         -nan
MEM_REQ_NON_SCHEDULED_52_total_count,             0
MEM_REQ_NON_SCHEDULED_52_total_pct,         -nan

MEM_REQ_NON_SCHEDULED_56_count,             0
MEM_REQ_NON_SCHEDULED_56_pct,         -nan
MEM_REQ_NON_SCHEDULED_56_total_count,             0
MEM_REQ_NON_SCHEDULED_56_total_pct,         -nan

MEM_REQ_NON_SCHEDULED_60_count,             0
MEM_REQ_NON_SCHEDULED_60_pct,         -nan
MEM_REQ_NON_SCHEDULED_60_total_count,             0
MEM_REQ_NON_SCHEDULED_60_total_pct,         -nan

MEM_REQ_NON_SCHEDULED_64_count,             0
MEM_REQ_NON_SCHEDULED_64_pct,         -nan
MEM_REQ_NON_SCHEDULED_64_total_count,             0
MEM_REQ_NON_SCHEDULED_64_total_pct,         -nan
MEM_REQ_NON_SCHEDULED_64_sum_count,             0
MEM_REQ_NON_SCHEDULED_64_sum_pct,         -nan
MEM_REQ_NON_SCHEDULED_64_sum_total_count,             0
MEM_REQ_NON_SCHEDULED_64_sum_total_pct,         -nan
MEM_REQ_NON_SCHEDULED_64_mean,         -nan
MEM_REQ_NON_SCHEDULED_64_stddev,         -nan
MEM_REQ_NON_SCHEDULED_64_total_mean,         -nan
MEM_REQ_NON_SCHEDULED_64_total_stddev,         -nan

MEM_REQ_DEMANDS__0_count,       5252971
MEM_REQ_DEMANDS__0_pct,       99.348
MEM_REQ_DEMANDS__0_total_count,      10391994
MEM_REQ_DEMANDS__0_total_pct,       99.157

MEM_REQ_DEMANDS__4_count,         33545
MEM_REQ_DEMANDS__4_pct,        0.634
MEM_REQ_DEMANDS__4_total_count,         82416
MEM_REQ_DEMANDS__4_total_pct,        0.786

MEM_REQ_DEMANDS__8_count,           461
MEM_REQ_DEMANDS__8_pct,        0.009
MEM_REQ_DEMANDS__8_total_count,          3476
MEM_REQ_DEMANDS__8_total_pct,        0.033

MEM_REQ_DEMANDS_12_count,           414
MEM_REQ_DEMANDS_12_pct,        0.008
MEM_REQ_DEMANDS_12_total_count,          1279
MEM_REQ_DEMANDS_12_total_pct,        0.012

MEM_REQ_DEMANDS_16_count,            60
MEM_REQ_DEMANDS_16_pct,        0.001
MEM_REQ_DEMANDS_16_total_count,          1169
MEM_REQ_DEMANDS_16_total_pct,        0.011

MEM_REQ_DEMANDS_20_count,             0
MEM_REQ_DEMANDS_20_pct,        0.000
MEM_REQ_DEMANDS_20_total_count,             0
MEM_REQ_DEMANDS_20_total_pct,        0.000

MEM_REQ_DEMANDS_24_count,             0
MEM_REQ_DEMANDS_24_pct,        0.000
MEM_REQ_DEMANDS_24_total_count,             0
MEM_REQ_DEMANDS_24_total_pct,        0.000

MEM_REQ_DEMANDS_28_count,             0
MEM_REQ_DEMANDS_28_pct,        0.000
MEM_REQ_DEMANDS_28_total_count,             0
MEM_REQ_DEMANDS_28_total_pct,        0.000

MEM_REQ_DEMANDS_32_count,             0
MEM_REQ_DEMANDS_32_pct,        0.000
MEM_REQ_DEMANDS_32_total_count,             0
MEM_REQ_DEMANDS_32_total_pct,        0.000

MEM_REQ_DEMANDS_36_count,             0
MEM_REQ_DEMANDS_36_pct,        0.000
MEM_REQ_DEMANDS_36_total_count,             0
MEM_REQ_DEMANDS_36_total_pct,        0.000

MEM_REQ_DEMANDS_40_count,             0
MEM_REQ_DEMANDS_40_pct,        0.000
MEM_REQ_DEMANDS_40_total_count,             0
MEM_REQ_DEMANDS_40_total_pct,        0.000

MEM_REQ_DEMANDS_44_count,             0
MEM_REQ_DEMANDS_44_pct,        0.000
MEM_REQ_DEMANDS_44_total_count,             0
MEM_REQ_DEMANDS_44_total_pct,        0.000

MEM_REQ_DEMANDS_48_count,             0
MEM_REQ_DEMANDS_48_pct,        0.000
MEM_REQ_DEMANDS_48_total_count,             0
MEM_REQ_DEMANDS_48_total_pct,        0.000

MEM_REQ_DEMANDS_52_count,             0
MEM_REQ_DEMANDS_52_pct,        0.000
MEM_REQ_DEMANDS_52_total_count,             0
MEM_REQ_DEMANDS_52_total_pct,        0.000

MEM_REQ_DEMANDS_56_count,             0
MEM_REQ_DEMANDS_56_pct,        0.000
MEM_REQ_DEMANDS_56_total_count,             0
MEM_REQ_DEMANDS_56_total_pct,        0.000

MEM_REQ_DEMANDS_60_count,             0
MEM_REQ_DEMANDS_60_pct,        0.000
MEM_REQ_DEMANDS_60_total_count,             0
MEM_REQ_DEMANDS_60_total_pct,        0.000

MEM_REQ_DEMANDS_64_count,             0
MEM_REQ_DEMANDS_64_pct,        0.000
MEM_REQ_DEMANDS_64_total_count,             0
MEM_REQ_DEMANDS_64_total_pct,        0.000
MEM_REQ_DEMANDS_64_sum_count,       5287451
MEM_REQ_DEMANDS_64_sum_pct,      100.000
MEM_REQ_DEMANDS_64_sum_total_count,      10480334
MEM_REQ_DEMANDS_64_sum_total_pct,      100.000
MEM_REQ_DEMANDS_64_mean,         0.01
MEM_REQ_DEMANDS_64_stddev,         0.09
MEM_REQ_DEMANDS_64_total_mean,         0.01
MEM_REQ_DEMANDS_64_total_stddev,         0.11

MEM_REQ_PREFS__0_count,       5188029
MEM_REQ_PREFS__0_pct,       98.120
MEM_REQ_PREFS__0_total_count,      10217994
MEM_REQ_PREFS__0_total_pct,       97.497

MEM_REQ_PREFS__4_count,         82746
MEM_REQ_PREFS__4_pct,        1.565
MEM_REQ_PREFS__4_total_count,        189093
MEM_REQ_PREFS__4_total_pct,        1.804

MEM_REQ_PREFS__8_count,         12819
MEM_REQ_PREFS__8_pct,        0.242
MEM_REQ_PREFS__8_total_count,         31013
MEM_REQ_PREFS__8_total_pct,        0.296

MEM_REQ_PREFS_12_count,          1902
MEM_REQ_PREFS_12_pct,        0.036
MEM_REQ_PREFS_12_total_count,          7558
MEM_REQ_PREFS_12_total_pct,        0.072

MEM_REQ_PREFS_16_count,           439
MEM_REQ_PREFS_16_pct,        0.008
MEM_REQ_PREFS_16_total_count,          3911
MEM_REQ_PREFS_16_total_pct,        0.037

MEM_REQ_PREFS_20_count,           342
MEM_REQ_PREFS_20_pct,        0.006
MEM_REQ_PREFS_20_total_count,          3778
MEM_REQ_PREFS_20_total_pct,        0.036

MEM_REQ_PREFS_24_count,           311
MEM_REQ_PREFS_24_pct,        0.006
MEM_REQ_PREFS_24_total_count,          3906
MEM_REQ_PREFS_24_total_pct,        0.037

MEM_REQ_PREFS_28_count,           310
MEM_REQ_PREFS_28_pct,        0.006
MEM_REQ_PREFS_28_total_count,          4684
MEM_REQ_PREFS_28_total_pct,        0.045

MEM_REQ_PREFS_32_count,           553
MEM_REQ_PREFS_32_pct,        0.010
MEM_REQ_PREFS_32_total_count,         10570
MEM_REQ_PREFS_32_total_pct,        0.101

MEM_REQ_PREFS_36_count,             0
MEM_REQ_PREFS_36_pct,        0.000
MEM_REQ_PREFS_36_total_count,          1447
MEM_REQ_PREFS_36_total_pct,        0.014

MEM_REQ_PREFS_40_count,             0
MEM_REQ_PREFS_40_pct,        0.000
MEM_REQ_PREFS_40_total_count,          1196
MEM_REQ_PREFS_40_total_pct,        0.011

MEM_REQ_PREFS_44_count,             0
MEM_REQ_PREFS_44_pct,        0.000
MEM_REQ_PREFS_44_total_count,          1056
MEM_REQ_PREFS_44_total_pct,        0.010

MEM_REQ_PREFS_48_count,             0
MEM_REQ_PREFS_48_pct,        0.000
MEM_REQ_PREFS_48_total_count,          2171
MEM_REQ_PREFS_48_total_pct,        0.021

MEM_REQ_PREFS_52_count,             0
MEM_REQ_PREFS_52_pct,        0.000
MEM_REQ_PREFS_52_total_count,           907
MEM_REQ_PREFS_52_total_pct,        0.009

MEM_REQ_PREFS_56_count,             0
MEM_REQ_PREFS_56_pct,        0.000
MEM_REQ_PREFS_56_total_count,          1007
MEM_REQ_PREFS_56_total_pct,        0.010

MEM_REQ_PREFS_60_count,             0
MEM_REQ_PREFS_60_pct,        0.000
MEM_REQ_PREFS_60_total_count,            43
MEM_REQ_PREFS_60_total_pct,        0.000

MEM_REQ_PREFS_64_count,             0
MEM_REQ_PREFS_64_pct,        0.000
MEM_REQ_PREFS_64_total_count,             0
MEM_REQ_PREFS_64_total_pct,        0.000
MEM_REQ_PREFS_64_sum_count,       5287451
MEM_REQ_PREFS_64_sum_pct,      100.000
MEM_REQ_PREFS_64_sum_total_count,      10480334
MEM_REQ_PREFS_64_sum_total_pct,      100.000
MEM_REQ_PREFS_64_mean,         0.02
MEM_REQ_PREFS_64_stddev,         0.21
MEM_REQ_PREFS_64_total_mean,         0.05
MEM_REQ_PREFS_64_total_stddev,         0.49

MEM_REQ_WRITEBACKS__0_count,       5284363
MEM_REQ_WRITEBACKS__0_pct,       99.942
MEM_REQ_WRITEBACKS__0_total_count,      10474798
MEM_REQ_WRITEBACKS__0_total_pct,       99.947

MEM_REQ_WRITEBACKS__4_count,          2854
MEM_REQ_WRITEBACKS__4_pct,        0.054
MEM_REQ_WRITEBACKS__4_total_count,          5091
MEM_REQ_WRITEBACKS__4_total_pct,        0.049

MEM_REQ_WRITEBACKS__8_count,           181
MEM_REQ_WRITEBACKS__8_pct,        0.003
MEM_REQ_WRITEBACKS__8_total_count,           350
MEM_REQ_WRITEBACKS__8_total_pct,        0.003

MEM_REQ_WRITEBACKS_12_count,            39
MEM_REQ_WRITEBACKS_12_pct,        0.001
MEM_REQ_WRITEBACKS_12_total_count,            79
MEM_REQ_WRITEBACKS_12_total_pct,        0.001

MEM_REQ_WRITEBACKS_16_count,            14
MEM_REQ_WRITEBACKS_16_pct,        0.000
MEM_REQ_WRITEBACKS_16_total_count,            16
MEM_REQ_WRITEBACKS_16_total_pct,        0.000

MEM_REQ_WRITEBACKS_20_count,             0
MEM_REQ_WRITEBACKS_20_pct,        0.000
MEM_REQ_WRITEBACKS_20_total_count,             0
MEM_REQ_WRITEBACKS_20_total_pct,        0.000

MEM_REQ_WRITEBACKS_24_count,             0
MEM_REQ_WRITEBACKS_24_pct,        0.000
MEM_REQ_WRITEBACKS_24_total_count,             0
MEM_REQ_WRITEBACKS_24_total_pct,        0.000

MEM_REQ_WRITEBACKS_28_count,             0
MEM_REQ_WRITEBACKS_28_pct,        0.000
MEM_REQ_WRITEBACKS_28_total_count,             0
MEM_REQ_WRITEBACKS_28_total_pct,        0.000

MEM_REQ_WRITEBACKS_32_count,             0
MEM_REQ_WRITEBACKS_32_pct,        0.000
MEM_REQ_WRITEBACKS_32_total_count,             0
MEM_REQ_WRITEBACKS_32_total_pct,        0.000

MEM_REQ_WRITEBACKS_36_count,             0
MEM_REQ_WRITEBACKS_36_pct,        0.000
MEM_REQ_WRITEBACKS_36_total_count,             0
MEM_REQ_WRITEBACKS_36_total_pct,        0.000

MEM_REQ_WRITEBACKS_40_count,             0
MEM_REQ_WRITEBACKS_40_pct,        0.000
MEM_REQ_WRITEBACKS_40_total_count,             0
MEM_REQ_WRITEBACKS_40_total_pct,        0.000

MEM_REQ_WRITEBACKS_44_count,             0
MEM_REQ_WRITEBACKS_44_pct,        0.000
MEM_REQ_WRITEBACKS_44_total_count,             0
MEM_REQ_WRITEBACKS_44_total_pct,        0.000

MEM_REQ_WRITEBACKS_48_count,             0
MEM_REQ_WRITEBACKS_48_pct,        0.000
MEM_REQ_WRITEBACKS_48_total_count,             0
MEM_REQ_WRITEBACKS_48_total_pct,        0.000

MEM_REQ_WRITEBACKS_52_count,             0
MEM_REQ_WRITEBACKS_52_pct,        0.000
MEM_REQ_WRITEBACKS_52_total_count,             0
MEM_REQ_WRITEBACKS_52_total_pct,        0.000

MEM_REQ_WRITEBACKS_56_count,             0
MEM_REQ_WRITEBACKS_56_pct,        0.000
MEM_REQ_WRITEBACKS_56_total_count,             0
MEM_REQ_WRITEBACKS_56_total_pct,        0.000

MEM_REQ_WRITEBACKS_60_count,             0
MEM_REQ_WRITEBACKS_60_pct,        0.000
MEM_REQ_WRITEBACKS_60_total_count,             0
MEM_REQ_WRITEBACKS_60_total_pct,        0.000

MEM_REQ_WRITEBACKS_64_count,             0
MEM_REQ_WRITEBACKS_64_pct,        0.000
MEM_REQ_WRITEBACKS_64_total_count,             0
MEM_REQ_WRITEBACKS_64_total_pct,        0.000
MEM_REQ_WRITEBACKS_64_sum_count,       5287451
MEM_REQ_WRITEBACKS_64_sum_pct,      100.000
MEM_REQ_WRITEBACKS_64_sum_total_count,      10480334
MEM_REQ_WRITEBACKS_64_sum_total_pct,      100.000
MEM_REQ_WRITEBACKS_64_mean,         0.00
MEM_REQ_WRITEBACKS_64_stddev,         0.03
MEM_REQ_WRITEBACKS_64_total_mean,         0.00
MEM_REQ_WRITEBACKS_64_total_stddev,         0.03

MEM_REQ_DEMAND_CYCLES_count,       1851324
MEM_REQ_DEMAND_CYCLES_total_count,       4130380

MEM_REQ_PREF_CYCLES_count,       1173874
MEM_REQ_PREF_CYCLES_total_count,       3655657

MEM_REQ_WB_CYCLES_count,        489491
MEM_REQ_WB_CYCLES_total_count,        929049

DRAM_CHANNEL_REQS_count,             0
DRAM_CHANNEL_REQS_total_count,             0

DRAM_CHANNEL_CRIT_REQS_count,             0
DRAM_CHANNEL_CRIT_REQS_total_count,             0

DRAM_CHANNEL_CRIT_DIR_SWITCHES_count,             0
DRAM_CHANNEL_CRIT_DIR_SWITCHES_total_count,             0

DRAM_BANK_CRIT_REQS_count,             0
DRAM_BANK_CRIT_REQS_total_count,             0

DRAM_INSTA_MLP_SAMPLES_count,             0
DRAM_INSTA_MLP_SAMPLES_total_count,             0

DRAM_INSTA_MLP_UNIQUE_REQS_count,             0
DRAM_INSTA_MLP_UNIQUE_REQS_pct,         -nan
DRAM_INSTA_MLP_UNIQUE_REQS_total_count,             0
DRAM_INSTA_MLP_UNIQUE_REQS_total_pct,         -nan

DRAM_INST_MLP_HITS_NORM_SPREAD_TIMES_100_count,             0
DRAM_INST_MLP_HITS_NORM_SPREAD_TIMES_100_pct,         -nan
DRAM_INST_MLP_HITS_NORM_SPREAD_TIMES_100_total_count,             0
DRAM_INST_MLP_HITS_NORM_SPREAD_TIMES_100_total_pct,         -nan

DRAM_GLOBAL_MLP_count,             0
DRAM_GLOBAL_MLP_pct,         -nan
DRAM_GLOBAL_MLP_total_count,             0
DRAM_GLOBAL_MLP_total_pct,         -nan

DRAM_GLOBAL_MLP_0_count,             0
DRAM_GLOBAL_MLP_0_pct,         -nan
DRAM_GLOBAL_MLP_0_total_count,             0
DRAM_GLOBAL_MLP_0_total_pct,         -nan

DRAM_GLOBAL_MLP_1_count,             0
DRAM_GLOBAL_MLP_1_pct,         -nan
DRAM_GLOBAL_MLP_1_total_count,             0
DRAM_GLOBAL_MLP_1_total_pct,         -nan

DRAM_GLOBAL_MLP_2_count,             0
DRAM_GLOBAL_MLP_2_pct,         -nan
DRAM_GLOBAL_MLP_2_total_count,             0
DRAM_GLOBAL_MLP_2_total_pct,         -nan

DRAM_GLOBAL_MLP_3_count,             0
DRAM_GLOBAL_MLP_3_pct,         -nan
DRAM_GLOBAL_MLP_3_total_count,             0
DRAM_GLOBAL_MLP_3_total_pct,         -nan

DRAM_GLOBAL_MLP_4_count,             0
DRAM_GLOBAL_MLP_4_pct,         -nan
DRAM_GLOBAL_MLP_4_total_count,             0
DRAM_GLOBAL_MLP_4_total_pct,         -nan

DRAM_GLOBAL_MLP_5_count,             0
DRAM_GLOBAL_MLP_5_pct,         -nan
DRAM_GLOBAL_MLP_5_total_count,             0
DRAM_GLOBAL_MLP_5_total_pct,         -nan

DRAM_GLOBAL_MLP_6_count,             0
DRAM_GLOBAL_MLP_6_pct,         -nan
DRAM_GLOBAL_MLP_6_total_count,             0
DRAM_GLOBAL_MLP_6_total_pct,         -nan

DRAM_GLOBAL_MLP_7_count,             0
DRAM_GLOBAL_MLP_7_pct,         -nan
DRAM_GLOBAL_MLP_7_total_count,             0
DRAM_GLOBAL_MLP_7_total_pct,         -nan

DRAM_GLOBAL_MLP_8_count,             0
DRAM_GLOBAL_MLP_8_pct,         -nan
DRAM_GLOBAL_MLP_8_total_count,             0
DRAM_GLOBAL_MLP_8_total_pct,         -nan

DRAM_GLOBAL_MLP_9_count,             0
DRAM_GLOBAL_MLP_9_pct,         -nan
DRAM_GLOBAL_MLP_9_total_count,             0
DRAM_GLOBAL_MLP_9_total_pct,         -nan

DRAM_GLOBAL_MLP_10_count,             0
DRAM_GLOBAL_MLP_10_pct,         -nan
DRAM_GLOBAL_MLP_10_total_count,             0
DRAM_GLOBAL_MLP_10_total_pct,         -nan

DRAM_GLOBAL_MLP_11_count,             0
DRAM_GLOBAL_MLP_11_pct,         -nan
DRAM_GLOBAL_MLP_11_total_count,             0
DRAM_GLOBAL_MLP_11_total_pct,         -nan

DRAM_GLOBAL_MLP_12_count,             0
DRAM_GLOBAL_MLP_12_pct,         -nan
DRAM_GLOBAL_MLP_12_total_count,             0
DRAM_GLOBAL_MLP_12_total_pct,         -nan

DRAM_GLOBAL_MLP_13_count,             0
DRAM_GLOBAL_MLP_13_pct,         -nan
DRAM_GLOBAL_MLP_13_total_count,             0
DRAM_GLOBAL_MLP_13_total_pct,         -nan

DRAM_GLOBAL_MLP_14_count,             0
DRAM_GLOBAL_MLP_14_pct,         -nan
DRAM_GLOBAL_MLP_14_total_count,             0
DRAM_GLOBAL_MLP_14_total_pct,         -nan

DRAM_GLOBAL_MLP_15_count,             0
DRAM_GLOBAL_MLP_15_pct,         -nan
DRAM_GLOBAL_MLP_15_total_count,             0
DRAM_GLOBAL_MLP_15_total_pct,         -nan

DRAM_GLOBAL_MLP_16_count,             0
DRAM_GLOBAL_MLP_16_pct,         -nan
DRAM_GLOBAL_MLP_16_total_count,             0
DRAM_GLOBAL_MLP_16_total_pct,         -nan
DRAM_GLOBAL_MLP_16_sum_count,             0
DRAM_GLOBAL_MLP_16_sum_pct,         -nan
DRAM_GLOBAL_MLP_16_sum_total_count,             0
DRAM_GLOBAL_MLP_16_sum_total_pct,         -nan
DRAM_GLOBAL_MLP_16_mean,         -nan
DRAM_GLOBAL_MLP_16_stddev,         -nan
DRAM_GLOBAL_MLP_16_total_mean,         -nan
DRAM_GLOBAL_MLP_16_total_stddev,         -nan

DRAM_TOTAL_GLOBAL_MLP_0_count,             0
DRAM_TOTAL_GLOBAL_MLP_0_pct,         -nan
DRAM_TOTAL_GLOBAL_MLP_0_total_count,             0
DRAM_TOTAL_GLOBAL_MLP_0_total_pct,         -nan

DRAM_TOTAL_GLOBAL_MLP_1_count,             0
DRAM_TOTAL_GLOBAL_MLP_1_pct,         -nan
DRAM_TOTAL_GLOBAL_MLP_1_total_count,             0
DRAM_TOTAL_GLOBAL_MLP_1_total_pct,         -nan

DRAM_TOTAL_GLOBAL_MLP_2_count,             0
DRAM_TOTAL_GLOBAL_MLP_2_pct,         -nan
DRAM_TOTAL_GLOBAL_MLP_2_total_count,             0
DRAM_TOTAL_GLOBAL_MLP_2_total_pct,         -nan

DRAM_TOTAL_GLOBAL_MLP_3_count,             0
DRAM_TOTAL_GLOBAL_MLP_3_pct,         -nan
DRAM_TOTAL_GLOBAL_MLP_3_total_count,             0
DRAM_TOTAL_GLOBAL_MLP_3_total_pct,         -nan

DRAM_TOTAL_GLOBAL_MLP_4_count,             0
DRAM_TOTAL_GLOBAL_MLP_4_pct,         -nan
DRAM_TOTAL_GLOBAL_MLP_4_total_count,             0
DRAM_TOTAL_GLOBAL_MLP_4_total_pct,         -nan

DRAM_TOTAL_GLOBAL_MLP_5_count,             0
DRAM_TOTAL_GLOBAL_MLP_5_pct,         -nan
DRAM_TOTAL_GLOBAL_MLP_5_total_count,             0
DRAM_TOTAL_GLOBAL_MLP_5_total_pct,         -nan

DRAM_TOTAL_GLOBAL_MLP_6_count,             0
DRAM_TOTAL_GLOBAL_MLP_6_pct,         -nan
DRAM_TOTAL_GLOBAL_MLP_6_total_count,             0
DRAM_TOTAL_GLOBAL_MLP_6_total_pct,         -nan

DRAM_TOTAL_GLOBAL_MLP_7_count,             0
DRAM_TOTAL_GLOBAL_MLP_7_pct,         -nan
DRAM_TOTAL_GLOBAL_MLP_7_total_count,             0
DRAM_TOTAL_GLOBAL_MLP_7_total_pct,         -nan

DRAM_TOTAL_GLOBAL_MLP_8_count,             0
DRAM_TOTAL_GLOBAL_MLP_8_pct,         -nan
DRAM_TOTAL_GLOBAL_MLP_8_total_count,             0
DRAM_TOTAL_GLOBAL_MLP_8_total_pct,         -nan

DRAM_TOTAL_GLOBAL_MLP_9_count,             0
DRAM_TOTAL_GLOBAL_MLP_9_pct,         -nan
DRAM_TOTAL_GLOBAL_MLP_9_total_count,             0
DRAM_TOTAL_GLOBAL_MLP_9_total_pct,         -nan

DRAM_TOTAL_GLOBAL_MLP_10_count,             0
DRAM_TOTAL_GLOBAL_MLP_10_pct,         -nan
DRAM_TOTAL_GLOBAL_MLP_10_total_count,             0
DRAM_TOTAL_GLOBAL_MLP_10_total_pct,         -nan

DRAM_TOTAL_GLOBAL_MLP_11_count,             0
DRAM_TOTAL_GLOBAL_MLP_11_pct,         -nan
DRAM_TOTAL_GLOBAL_MLP_11_total_count,             0
DRAM_TOTAL_GLOBAL_MLP_11_total_pct,         -nan

DRAM_TOTAL_GLOBAL_MLP_12_count,             0
DRAM_TOTAL_GLOBAL_MLP_12_pct,         -nan
DRAM_TOTAL_GLOBAL_MLP_12_total_count,             0
DRAM_TOTAL_GLOBAL_MLP_12_total_pct,         -nan

DRAM_TOTAL_GLOBAL_MLP_13_count,             0
DRAM_TOTAL_GLOBAL_MLP_13_pct,         -nan
DRAM_TOTAL_GLOBAL_MLP_13_total_count,             0
DRAM_TOTAL_GLOBAL_MLP_13_total_pct,         -nan

DRAM_TOTAL_GLOBAL_MLP_14_count,             0
DRAM_TOTAL_GLOBAL_MLP_14_pct,         -nan
DRAM_TOTAL_GLOBAL_MLP_14_total_count,             0
DRAM_TOTAL_GLOBAL_MLP_14_total_pct,         -nan

DRAM_TOTAL_GLOBAL_MLP_15_count,             0
DRAM_TOTAL_GLOBAL_MLP_15_pct,         -nan
DRAM_TOTAL_GLOBAL_MLP_15_total_count,             0
DRAM_TOTAL_GLOBAL_MLP_15_total_pct,         -nan

DRAM_TOTAL_GLOBAL_MLP_16_count,             0
DRAM_TOTAL_GLOBAL_MLP_16_pct,         -nan
DRAM_TOTAL_GLOBAL_MLP_16_total_count,             0
DRAM_TOTAL_GLOBAL_MLP_16_total_pct,         -nan

DRAM_TOTAL_GLOBAL_MLP_17_count,             0
DRAM_TOTAL_GLOBAL_MLP_17_pct,         -nan
DRAM_TOTAL_GLOBAL_MLP_17_total_count,             0
DRAM_TOTAL_GLOBAL_MLP_17_total_pct,         -nan

DRAM_TOTAL_GLOBAL_MLP_18_count,             0
DRAM_TOTAL_GLOBAL_MLP_18_pct,         -nan
DRAM_TOTAL_GLOBAL_MLP_18_total_count,             0
DRAM_TOTAL_GLOBAL_MLP_18_total_pct,         -nan

DRAM_TOTAL_GLOBAL_MLP_19_count,             0
DRAM_TOTAL_GLOBAL_MLP_19_pct,         -nan
DRAM_TOTAL_GLOBAL_MLP_19_total_count,             0
DRAM_TOTAL_GLOBAL_MLP_19_total_pct,         -nan

DRAM_TOTAL_GLOBAL_MLP_20_count,             0
DRAM_TOTAL_GLOBAL_MLP_20_pct,         -nan
DRAM_TOTAL_GLOBAL_MLP_20_total_count,             0
DRAM_TOTAL_GLOBAL_MLP_20_total_pct,         -nan

DRAM_TOTAL_GLOBAL_MLP_21_count,             0
DRAM_TOTAL_GLOBAL_MLP_21_pct,         -nan
DRAM_TOTAL_GLOBAL_MLP_21_total_count,             0
DRAM_TOTAL_GLOBAL_MLP_21_total_pct,         -nan

DRAM_TOTAL_GLOBAL_MLP_22_count,             0
DRAM_TOTAL_GLOBAL_MLP_22_pct,         -nan
DRAM_TOTAL_GLOBAL_MLP_22_total_count,             0
DRAM_TOTAL_GLOBAL_MLP_22_total_pct,         -nan

DRAM_TOTAL_GLOBAL_MLP_23_count,             0
DRAM_TOTAL_GLOBAL_MLP_23_pct,         -nan
DRAM_TOTAL_GLOBAL_MLP_23_total_count,             0
DRAM_TOTAL_GLOBAL_MLP_23_total_pct,         -nan

DRAM_TOTAL_GLOBAL_MLP_24_count,             0
DRAM_TOTAL_GLOBAL_MLP_24_pct,         -nan
DRAM_TOTAL_GLOBAL_MLP_24_total_count,             0
DRAM_TOTAL_GLOBAL_MLP_24_total_pct,         -nan

DRAM_TOTAL_GLOBAL_MLP_25_count,             0
DRAM_TOTAL_GLOBAL_MLP_25_pct,         -nan
DRAM_TOTAL_GLOBAL_MLP_25_total_count,             0
DRAM_TOTAL_GLOBAL_MLP_25_total_pct,         -nan

DRAM_TOTAL_GLOBAL_MLP_26_count,             0
DRAM_TOTAL_GLOBAL_MLP_26_pct,         -nan
DRAM_TOTAL_GLOBAL_MLP_26_total_count,             0
DRAM_TOTAL_GLOBAL_MLP_26_total_pct,         -nan

DRAM_TOTAL_GLOBAL_MLP_27_count,             0
DRAM_TOTAL_GLOBAL_MLP_27_pct,         -nan
DRAM_TOTAL_GLOBAL_MLP_27_total_count,             0
DRAM_TOTAL_GLOBAL_MLP_27_total_pct,         -nan

DRAM_TOTAL_GLOBAL_MLP_28_count,             0
DRAM_TOTAL_GLOBAL_MLP_28_pct,         -nan
DRAM_TOTAL_GLOBAL_MLP_28_total_count,             0
DRAM_TOTAL_GLOBAL_MLP_28_total_pct,         -nan

DRAM_TOTAL_GLOBAL_MLP_29_count,             0
DRAM_TOTAL_GLOBAL_MLP_29_pct,         -nan
DRAM_TOTAL_GLOBAL_MLP_29_total_count,             0
DRAM_TOTAL_GLOBAL_MLP_29_total_pct,         -nan

DRAM_TOTAL_GLOBAL_MLP_30_count,             0
DRAM_TOTAL_GLOBAL_MLP_30_pct,         -nan
DRAM_TOTAL_GLOBAL_MLP_30_total_count,             0
DRAM_TOTAL_GLOBAL_MLP_30_total_pct,         -nan

DRAM_TOTAL_GLOBAL_MLP_31_count,             0
DRAM_TOTAL_GLOBAL_MLP_31_pct,         -nan
DRAM_TOTAL_GLOBAL_MLP_31_total_count,             0
DRAM_TOTAL_GLOBAL_MLP_31_total_pct,         -nan

DRAM_TOTAL_GLOBAL_MLP_32_count,             0
DRAM_TOTAL_GLOBAL_MLP_32_pct,         -nan
DRAM_TOTAL_GLOBAL_MLP_32_total_count,             0
DRAM_TOTAL_GLOBAL_MLP_32_total_pct,         -nan
DRAM_TOTAL_GLOBAL_MLP_32_sum_count,             0
DRAM_TOTAL_GLOBAL_MLP_32_sum_pct,         -nan
DRAM_TOTAL_GLOBAL_MLP_32_sum_total_count,             0
DRAM_TOTAL_GLOBAL_MLP_32_sum_total_pct,         -nan
DRAM_TOTAL_GLOBAL_MLP_32_mean,         -nan
DRAM_TOTAL_GLOBAL_MLP_32_stddev,         -nan
DRAM_TOTAL_GLOBAL_MLP_32_total_mean,         -nan
DRAM_TOTAL_GLOBAL_MLP_32_total_stddev,         -nan

UNIQUE_ROWS_PER_BANK_0_count,             0
UNIQUE_ROWS_PER_BANK_0_pct,         -nan
UNIQUE_ROWS_PER_BANK_0_total_count,             0
UNIQUE_ROWS_PER_BANK_0_total_pct,         -nan

UNIQUE_ROWS_PER_BANK_1_count,             0
UNIQUE_ROWS_PER_BANK_1_pct,         -nan
UNIQUE_ROWS_PER_BANK_1_total_count,             0
UNIQUE_ROWS_PER_BANK_1_total_pct,         -nan

UNIQUE_ROWS_PER_BANK_2_count,             0
UNIQUE_ROWS_PER_BANK_2_pct,         -nan
UNIQUE_ROWS_PER_BANK_2_total_count,             0
UNIQUE_ROWS_PER_BANK_2_total_pct,         -nan

UNIQUE_ROWS_PER_BANK_3_count,             0
UNIQUE_ROWS_PER_BANK_3_pct,         -nan
UNIQUE_ROWS_PER_BANK_3_total_count,             0
UNIQUE_ROWS_PER_BANK_3_total_pct,         -nan

UNIQUE_ROWS_PER_BANK_4_count,             0
UNIQUE_ROWS_PER_BANK_4_pct,         -nan
UNIQUE_ROWS_PER_BANK_4_total_count,             0
UNIQUE_ROWS_PER_BANK_4_total_pct,         -nan

UNIQUE_ROWS_PER_BANK_5_count,             0
UNIQUE_ROWS_PER_BANK_5_pct,         -nan
UNIQUE_ROWS_PER_BANK_5_total_count,             0
UNIQUE_ROWS_PER_BANK_5_total_pct,         -nan

UNIQUE_ROWS_PER_BANK_6_count,             0
UNIQUE_ROWS_PER_BANK_6_pct,         -nan
UNIQUE_ROWS_PER_BANK_6_total_count,             0
UNIQUE_ROWS_PER_BANK_6_total_pct,         -nan

UNIQUE_ROWS_PER_BANK_7_count,             0
UNIQUE_ROWS_PER_BANK_7_pct,         -nan
UNIQUE_ROWS_PER_BANK_7_total_count,             0
UNIQUE_ROWS_PER_BANK_7_total_pct,         -nan

UNIQUE_ROWS_PER_BANK_MORE_count,             0
UNIQUE_ROWS_PER_BANK_MORE_pct,         -nan
UNIQUE_ROWS_PER_BANK_MORE_total_count,             0
UNIQUE_ROWS_PER_BANK_MORE_total_pct,         -nan
UNIQUE_ROWS_PER_BANK_MORE_sum_count,             0
UNIQUE_ROWS_PER_BANK_MORE_sum_pct,         -nan
UNIQUE_ROWS_PER_BANK_MORE_sum_total_count,             0
UNIQUE_ROWS_PER_BANK_MORE_sum_total_pct,         -nan
UNIQUE_ROWS_PER_BANK_MORE_mean,         -nan
UNIQUE_ROWS_PER_BANK_MORE_stddev,         -nan
UNIQUE_ROWS_PER_BANK_MORE_total_mean,         -nan
UNIQUE_ROWS_PER_BANK_MORE_total_stddev,         -nan

CORE_UNIQUE_ROWS_PER_BANK_0_count,             0
CORE_UNIQUE_ROWS_PER_BANK_0_pct,         -nan
CORE_UNIQUE_ROWS_PER_BANK_0_total_count,             0
CORE_UNIQUE_ROWS_PER_BANK_0_total_pct,         -nan

CORE_UNIQUE_ROWS_PER_BANK_1_count,             0
CORE_UNIQUE_ROWS_PER_BANK_1_pct,         -nan
CORE_UNIQUE_ROWS_PER_BANK_1_total_count,             0
CORE_UNIQUE_ROWS_PER_BANK_1_total_pct,         -nan

CORE_UNIQUE_ROWS_PER_BANK_2_count,             0
CORE_UNIQUE_ROWS_PER_BANK_2_pct,         -nan
CORE_UNIQUE_ROWS_PER_BANK_2_total_count,             0
CORE_UNIQUE_ROWS_PER_BANK_2_total_pct,         -nan

CORE_UNIQUE_ROWS_PER_BANK_3_count,             0
CORE_UNIQUE_ROWS_PER_BANK_3_pct,         -nan
CORE_UNIQUE_ROWS_PER_BANK_3_total_count,             0
CORE_UNIQUE_ROWS_PER_BANK_3_total_pct,         -nan

CORE_UNIQUE_ROWS_PER_BANK_4_count,             0
CORE_UNIQUE_ROWS_PER_BANK_4_pct,         -nan
CORE_UNIQUE_ROWS_PER_BANK_4_total_count,             0
CORE_UNIQUE_ROWS_PER_BANK_4_total_pct,         -nan

CORE_UNIQUE_ROWS_PER_BANK_5_count,             0
CORE_UNIQUE_ROWS_PER_BANK_5_pct,         -nan
CORE_UNIQUE_ROWS_PER_BANK_5_total_count,             0
CORE_UNIQUE_ROWS_PER_BANK_5_total_pct,         -nan

CORE_UNIQUE_ROWS_PER_BANK_6_count,             0
CORE_UNIQUE_ROWS_PER_BANK_6_pct,         -nan
CORE_UNIQUE_ROWS_PER_BANK_6_total_count,             0
CORE_UNIQUE_ROWS_PER_BANK_6_total_pct,         -nan

CORE_UNIQUE_ROWS_PER_BANK_7_count,             0
CORE_UNIQUE_ROWS_PER_BANK_7_pct,         -nan
CORE_UNIQUE_ROWS_PER_BANK_7_total_count,             0
CORE_UNIQUE_ROWS_PER_BANK_7_total_pct,         -nan

CORE_UNIQUE_ROWS_PER_BANK_MORE_count,             0
CORE_UNIQUE_ROWS_PER_BANK_MORE_pct,         -nan
CORE_UNIQUE_ROWS_PER_BANK_MORE_total_count,             0
CORE_UNIQUE_ROWS_PER_BANK_MORE_total_pct,         -nan
CORE_UNIQUE_ROWS_PER_BANK_MORE_sum_count,             0
CORE_UNIQUE_ROWS_PER_BANK_MORE_sum_pct,         -nan
CORE_UNIQUE_ROWS_PER_BANK_MORE_sum_total_count,             0
CORE_UNIQUE_ROWS_PER_BANK_MORE_sum_total_pct,         -nan
CORE_UNIQUE_ROWS_PER_BANK_MORE_mean,         -nan
CORE_UNIQUE_ROWS_PER_BANK_MORE_stddev,         -nan
CORE_UNIQUE_ROWS_PER_BANK_MORE_total_mean,         -nan
CORE_UNIQUE_ROWS_PER_BANK_MORE_total_stddev,         -nan

CORES_PER_BANK_0_count,             0
CORES_PER_BANK_0_pct,         -nan
CORES_PER_BANK_0_total_count,             0
CORES_PER_BANK_0_total_pct,         -nan

CORES_PER_BANK_1_count,             0
CORES_PER_BANK_1_pct,         -nan
CORES_PER_BANK_1_total_count,             0
CORES_PER_BANK_1_total_pct,         -nan

CORES_PER_BANK_2_count,             0
CORES_PER_BANK_2_pct,         -nan
CORES_PER_BANK_2_total_count,             0
CORES_PER_BANK_2_total_pct,         -nan

CORES_PER_BANK_3_count,             0
CORES_PER_BANK_3_pct,         -nan
CORES_PER_BANK_3_total_count,             0
CORES_PER_BANK_3_total_pct,         -nan

CORES_PER_BANK_4_count,             0
CORES_PER_BANK_4_pct,         -nan
CORES_PER_BANK_4_total_count,             0
CORES_PER_BANK_4_total_pct,         -nan

CORES_PER_BANK_5_count,             0
CORES_PER_BANK_5_pct,         -nan
CORES_PER_BANK_5_total_count,             0
CORES_PER_BANK_5_total_pct,         -nan

CORES_PER_BANK_6_count,             0
CORES_PER_BANK_6_pct,         -nan
CORES_PER_BANK_6_total_count,             0
CORES_PER_BANK_6_total_pct,         -nan

CORES_PER_BANK_7_count,             0
CORES_PER_BANK_7_pct,         -nan
CORES_PER_BANK_7_total_count,             0
CORES_PER_BANK_7_total_pct,         -nan

CORES_PER_BANK_MORE_count,             0
CORES_PER_BANK_MORE_pct,         -nan
CORES_PER_BANK_MORE_total_count,             0
CORES_PER_BANK_MORE_total_pct,         -nan
CORES_PER_BANK_MORE_sum_count,             0
CORES_PER_BANK_MORE_sum_pct,         -nan
CORES_PER_BANK_MORE_sum_total_count,             0
CORES_PER_BANK_MORE_sum_total_pct,         -nan
CORES_PER_BANK_MORE_mean,         -nan
CORES_PER_BANK_MORE_stddev,         -nan
CORES_PER_BANK_MORE_total_mean,         -nan
CORES_PER_BANK_MORE_total_stddev,         -nan

MEM_BANKS_WITH_REQS_0_count,             0
MEM_BANKS_WITH_REQS_0_pct,         -nan
MEM_BANKS_WITH_REQS_0_total_count,             0
MEM_BANKS_WITH_REQS_0_total_pct,         -nan

MEM_BANKS_WITH_REQS_1_count,             0
MEM_BANKS_WITH_REQS_1_pct,         -nan
MEM_BANKS_WITH_REQS_1_total_count,             0
MEM_BANKS_WITH_REQS_1_total_pct,         -nan

MEM_BANKS_WITH_REQS_2_count,             0
MEM_BANKS_WITH_REQS_2_pct,         -nan
MEM_BANKS_WITH_REQS_2_total_count,             0
MEM_BANKS_WITH_REQS_2_total_pct,         -nan

MEM_BANKS_WITH_REQS_3_count,             0
MEM_BANKS_WITH_REQS_3_pct,         -nan
MEM_BANKS_WITH_REQS_3_total_count,             0
MEM_BANKS_WITH_REQS_3_total_pct,         -nan

MEM_BANKS_WITH_REQS_4_count,             0
MEM_BANKS_WITH_REQS_4_pct,         -nan
MEM_BANKS_WITH_REQS_4_total_count,             0
MEM_BANKS_WITH_REQS_4_total_pct,         -nan

MEM_BANKS_WITH_REQS_5_count,             0
MEM_BANKS_WITH_REQS_5_pct,         -nan
MEM_BANKS_WITH_REQS_5_total_count,             0
MEM_BANKS_WITH_REQS_5_total_pct,         -nan

MEM_BANKS_WITH_REQS_6_count,             0
MEM_BANKS_WITH_REQS_6_pct,         -nan
MEM_BANKS_WITH_REQS_6_total_count,             0
MEM_BANKS_WITH_REQS_6_total_pct,         -nan

MEM_BANKS_WITH_REQS_7_count,             0
MEM_BANKS_WITH_REQS_7_pct,         -nan
MEM_BANKS_WITH_REQS_7_total_count,             0
MEM_BANKS_WITH_REQS_7_total_pct,         -nan

MEM_BANKS_WITH_REQS_8_count,             0
MEM_BANKS_WITH_REQS_8_pct,         -nan
MEM_BANKS_WITH_REQS_8_total_count,             0
MEM_BANKS_WITH_REQS_8_total_pct,         -nan

MEM_BANKS_WITH_REQS_9_count,             0
MEM_BANKS_WITH_REQS_9_pct,         -nan
MEM_BANKS_WITH_REQS_9_total_count,             0
MEM_BANKS_WITH_REQS_9_total_pct,         -nan

MEM_BANKS_WITH_REQS_10_count,             0
MEM_BANKS_WITH_REQS_10_pct,         -nan
MEM_BANKS_WITH_REQS_10_total_count,             0
MEM_BANKS_WITH_REQS_10_total_pct,         -nan

MEM_BANKS_WITH_REQS_11_count,             0
MEM_BANKS_WITH_REQS_11_pct,         -nan
MEM_BANKS_WITH_REQS_11_total_count,             0
MEM_BANKS_WITH_REQS_11_total_pct,         -nan

MEM_BANKS_WITH_REQS_12_count,             0
MEM_BANKS_WITH_REQS_12_pct,         -nan
MEM_BANKS_WITH_REQS_12_total_count,             0
MEM_BANKS_WITH_REQS_12_total_pct,         -nan

MEM_BANKS_WITH_REQS_13_count,             0
MEM_BANKS_WITH_REQS_13_pct,         -nan
MEM_BANKS_WITH_REQS_13_total_count,             0
MEM_BANKS_WITH_REQS_13_total_pct,         -nan

MEM_BANKS_WITH_REQS_14_count,             0
MEM_BANKS_WITH_REQS_14_pct,         -nan
MEM_BANKS_WITH_REQS_14_total_count,             0
MEM_BANKS_WITH_REQS_14_total_pct,         -nan

MEM_BANKS_WITH_REQS_15_count,             0
MEM_BANKS_WITH_REQS_15_pct,         -nan
MEM_BANKS_WITH_REQS_15_total_count,             0
MEM_BANKS_WITH_REQS_15_total_pct,         -nan

MEM_BANKS_WITH_REQS_16_count,             0
MEM_BANKS_WITH_REQS_16_pct,         -nan
MEM_BANKS_WITH_REQS_16_total_count,             0
MEM_BANKS_WITH_REQS_16_total_pct,         -nan
MEM_BANKS_WITH_REQS_16_sum_count,             0
MEM_BANKS_WITH_REQS_16_sum_pct,         -nan
MEM_BANKS_WITH_REQS_16_sum_total_count,             0
MEM_BANKS_WITH_REQS_16_sum_total_pct,         -nan
MEM_BANKS_WITH_REQS_16_mean,         -nan
MEM_BANKS_WITH_REQS_16_stddev,         -nan
MEM_BANKS_WITH_REQS_16_total_mean,         -nan
MEM_BANKS_WITH_REQS_16_total_stddev,         -nan

MEM_BANKS_WITH_REQS_count,             0
MEM_BANKS_WITH_REQS_total_count,             0

DRAM_CHANNEL_IN_DEMAND_count,             0
DRAM_CHANNEL_IN_DEMAND_total_count,             0

DRAM_BUS_IN_DEMAND_count,             0
DRAM_BUS_IN_DEMAND_total_count,             0

DRAM_BANK_IN_DEMAND_count,             0
DRAM_BANK_IN_DEMAND_total_count,             0

DRAM_BANK_IN_DEMAND_STALLING_count,             0
DRAM_BANK_IN_DEMAND_STALLING_total_count,             0

DRAM_ANY_BANK_IN_DEMAND_count,             0
DRAM_ANY_BANK_IN_DEMAND_total_count,             0

DRAM_BANK_IN_DEMAND_BANK_0_count,             0
DRAM_BANK_IN_DEMAND_BANK_0_pct,         -nan
DRAM_BANK_IN_DEMAND_BANK_0_total_count,             0
DRAM_BANK_IN_DEMAND_BANK_0_total_pct,         -nan

DRAM_BANK_IN_DEMAND_BANK_1_count,             0
DRAM_BANK_IN_DEMAND_BANK_1_pct,         -nan
DRAM_BANK_IN_DEMAND_BANK_1_total_count,             0
DRAM_BANK_IN_DEMAND_BANK_1_total_pct,         -nan

DRAM_BANK_IN_DEMAND_BANK_2_count,             0
DRAM_BANK_IN_DEMAND_BANK_2_pct,         -nan
DRAM_BANK_IN_DEMAND_BANK_2_total_count,             0
DRAM_BANK_IN_DEMAND_BANK_2_total_pct,         -nan

DRAM_BANK_IN_DEMAND_BANK_3_count,             0
DRAM_BANK_IN_DEMAND_BANK_3_pct,         -nan
DRAM_BANK_IN_DEMAND_BANK_3_total_count,             0
DRAM_BANK_IN_DEMAND_BANK_3_total_pct,         -nan

DRAM_BANK_IN_DEMAND_BANK_4_count,             0
DRAM_BANK_IN_DEMAND_BANK_4_pct,         -nan
DRAM_BANK_IN_DEMAND_BANK_4_total_count,             0
DRAM_BANK_IN_DEMAND_BANK_4_total_pct,         -nan

DRAM_BANK_IN_DEMAND_BANK_5_count,             0
DRAM_BANK_IN_DEMAND_BANK_5_pct,         -nan
DRAM_BANK_IN_DEMAND_BANK_5_total_count,             0
DRAM_BANK_IN_DEMAND_BANK_5_total_pct,         -nan

DRAM_BANK_IN_DEMAND_BANK_6_count,             0
DRAM_BANK_IN_DEMAND_BANK_6_pct,         -nan
DRAM_BANK_IN_DEMAND_BANK_6_total_count,             0
DRAM_BANK_IN_DEMAND_BANK_6_total_pct,         -nan

DRAM_BANK_IN_DEMAND_BANK_7_count,             0
DRAM_BANK_IN_DEMAND_BANK_7_pct,         -nan
DRAM_BANK_IN_DEMAND_BANK_7_total_count,             0
DRAM_BANK_IN_DEMAND_BANK_7_total_pct,         -nan

DRAM_BANK_IN_DEMAND_BANK_8_count,             0
DRAM_BANK_IN_DEMAND_BANK_8_pct,         -nan
DRAM_BANK_IN_DEMAND_BANK_8_total_count,             0
DRAM_BANK_IN_DEMAND_BANK_8_total_pct,         -nan

DRAM_BANK_IN_DEMAND_BANK_9_count,             0
DRAM_BANK_IN_DEMAND_BANK_9_pct,         -nan
DRAM_BANK_IN_DEMAND_BANK_9_total_count,             0
DRAM_BANK_IN_DEMAND_BANK_9_total_pct,         -nan

DRAM_BANK_IN_DEMAND_BANK_10_count,             0
DRAM_BANK_IN_DEMAND_BANK_10_pct,         -nan
DRAM_BANK_IN_DEMAND_BANK_10_total_count,             0
DRAM_BANK_IN_DEMAND_BANK_10_total_pct,         -nan

DRAM_BANK_IN_DEMAND_BANK_11_count,             0
DRAM_BANK_IN_DEMAND_BANK_11_pct,         -nan
DRAM_BANK_IN_DEMAND_BANK_11_total_count,             0
DRAM_BANK_IN_DEMAND_BANK_11_total_pct,         -nan

DRAM_BANK_IN_DEMAND_BANK_12_count,             0
DRAM_BANK_IN_DEMAND_BANK_12_pct,         -nan
DRAM_BANK_IN_DEMAND_BANK_12_total_count,             0
DRAM_BANK_IN_DEMAND_BANK_12_total_pct,         -nan

DRAM_BANK_IN_DEMAND_BANK_13_count,             0
DRAM_BANK_IN_DEMAND_BANK_13_pct,         -nan
DRAM_BANK_IN_DEMAND_BANK_13_total_count,             0
DRAM_BANK_IN_DEMAND_BANK_13_total_pct,         -nan

DRAM_BANK_IN_DEMAND_BANK_14_count,             0
DRAM_BANK_IN_DEMAND_BANK_14_pct,         -nan
DRAM_BANK_IN_DEMAND_BANK_14_total_count,             0
DRAM_BANK_IN_DEMAND_BANK_14_total_pct,         -nan

DRAM_BANK_IN_DEMAND_BANK_15_count,             0
DRAM_BANK_IN_DEMAND_BANK_15_pct,         -nan
DRAM_BANK_IN_DEMAND_BANK_15_total_count,             0
DRAM_BANK_IN_DEMAND_BANK_15_total_pct,         -nan

DRAM_BANK_IN_DEMAND_BANK_16_count,             0
DRAM_BANK_IN_DEMAND_BANK_16_pct,         -nan
DRAM_BANK_IN_DEMAND_BANK_16_total_count,             0
DRAM_BANK_IN_DEMAND_BANK_16_total_pct,         -nan
DRAM_BANK_IN_DEMAND_BANK_16_sum_count,             0
DRAM_BANK_IN_DEMAND_BANK_16_sum_pct,         -nan
DRAM_BANK_IN_DEMAND_BANK_16_sum_total_count,             0
DRAM_BANK_IN_DEMAND_BANK_16_sum_total_pct,         -nan
DRAM_BANK_IN_DEMAND_BANK_16_mean,         -nan
DRAM_BANK_IN_DEMAND_BANK_16_stddev,         -nan
DRAM_BANK_IN_DEMAND_BANK_16_total_mean,         -nan
DRAM_BANK_IN_DEMAND_BANK_16_total_stddev,         -nan

DRAM_CONTENTION_BUS_count,             0
DRAM_CONTENTION_BUS_pct,         -nan
DRAM_CONTENTION_BUS_total_count,             0
DRAM_CONTENTION_BUS_total_pct,         -nan

DRAM_CONTENTION_BANKS_count,             0
DRAM_CONTENTION_BANKS_pct,         -nan
DRAM_CONTENTION_BANKS_total_count,             0
DRAM_CONTENTION_BANKS_total_pct,         -nan

DRAM_CONTENTION_FAW_count,             0
DRAM_CONTENTION_FAW_pct,         -nan
DRAM_CONTENTION_FAW_total_count,             0
DRAM_CONTENTION_FAW_total_pct,         -nan

DRAM_CONTENTION_BANKS_TIMES_1000_count,             0
DRAM_CONTENTION_BANKS_TIMES_1000_pct,         -nan
DRAM_CONTENTION_BANKS_TIMES_1000_total_count,             0
DRAM_CONTENTION_BANKS_TIMES_1000_total_pct,         -nan

DRAM_STALL_OTHER_CORE_count,             0
DRAM_STALL_OTHER_CORE_total_count,             0

DRAM_STALLED_BY_OTHER_CORE_count,             0
DRAM_STALLED_BY_OTHER_CORE_total_count,             0

DRAM_MP_CRIT_PATH_count,             0
DRAM_MP_CRIT_PATH_total_count,             0

DRAM_MP_CRIT_PATH_BUS_count,             0
DRAM_MP_CRIT_PATH_BUS_pct,         -nan
DRAM_MP_CRIT_PATH_BUS_total_count,             0
DRAM_MP_CRIT_PATH_BUS_total_pct,         -nan

DRAM_MP_CRIT_PATH_BANK_count,             0
DRAM_MP_CRIT_PATH_BANK_pct,         -nan
DRAM_MP_CRIT_PATH_BANK_total_count,             0
DRAM_MP_CRIT_PATH_BANK_total_pct,         -nan

DRAM_MP_CRIT_PATH_BANK_TRAS_count,             0
DRAM_MP_CRIT_PATH_BANK_TRAS_pct,         -nan
DRAM_MP_CRIT_PATH_BANK_TRAS_total_count,             0
DRAM_MP_CRIT_PATH_BANK_TRAS_total_pct,         -nan

DRAM_MP_CRIT_PATH_FAW_count,             0
DRAM_MP_CRIT_PATH_FAW_pct,         -nan
DRAM_MP_CRIT_PATH_FAW_total_count,             0
DRAM_MP_CRIT_PATH_FAW_total_pct,         -nan

DRAM_BLACK_BOX_SERVICE_TIMES_1000_count,             0
DRAM_BLACK_BOX_SERVICE_TIMES_1000_total_count,             0

DRAM_BLACK_BOX_REQS_BUSY_0_count,             0
DRAM_BLACK_BOX_REQS_BUSY_0_pct,         -nan
DRAM_BLACK_BOX_REQS_BUSY_0_total_count,             0
DRAM_BLACK_BOX_REQS_BUSY_0_total_pct,         -nan

DRAM_BLACK_BOX_REQS_BUSY_1_count,             0
DRAM_BLACK_BOX_REQS_BUSY_1_pct,         -nan
DRAM_BLACK_BOX_REQS_BUSY_1_total_count,             0
DRAM_BLACK_BOX_REQS_BUSY_1_total_pct,         -nan

DRAM_BLACK_BOX_REQS_BUSY_2_count,             0
DRAM_BLACK_BOX_REQS_BUSY_2_pct,         -nan
DRAM_BLACK_BOX_REQS_BUSY_2_total_count,             0
DRAM_BLACK_BOX_REQS_BUSY_2_total_pct,         -nan

DRAM_BLACK_BOX_REQS_BUSY_3_count,             0
DRAM_BLACK_BOX_REQS_BUSY_3_pct,         -nan
DRAM_BLACK_BOX_REQS_BUSY_3_total_count,             0
DRAM_BLACK_BOX_REQS_BUSY_3_total_pct,         -nan

DRAM_BLACK_BOX_REQS_BUSY_4_count,             0
DRAM_BLACK_BOX_REQS_BUSY_4_pct,         -nan
DRAM_BLACK_BOX_REQS_BUSY_4_total_count,             0
DRAM_BLACK_BOX_REQS_BUSY_4_total_pct,         -nan

DRAM_BLACK_BOX_REQS_BUSY_5_count,             0
DRAM_BLACK_BOX_REQS_BUSY_5_pct,         -nan
DRAM_BLACK_BOX_REQS_BUSY_5_total_count,             0
DRAM_BLACK_BOX_REQS_BUSY_5_total_pct,         -nan

DRAM_BLACK_BOX_REQS_BUSY_6_count,             0
DRAM_BLACK_BOX_REQS_BUSY_6_pct,         -nan
DRAM_BLACK_BOX_REQS_BUSY_6_total_count,             0
DRAM_BLACK_BOX_REQS_BUSY_6_total_pct,         -nan

DRAM_BLACK_BOX_REQS_BUSY_7_count,             0
DRAM_BLACK_BOX_REQS_BUSY_7_pct,         -nan
DRAM_BLACK_BOX_REQS_BUSY_7_total_count,             0
DRAM_BLACK_BOX_REQS_BUSY_7_total_pct,         -nan

DRAM_BLACK_BOX_REQS_BUSY_8_count,             0
DRAM_BLACK_BOX_REQS_BUSY_8_pct,         -nan
DRAM_BLACK_BOX_REQS_BUSY_8_total_count,             0
DRAM_BLACK_BOX_REQS_BUSY_8_total_pct,         -nan
DRAM_BLACK_BOX_REQS_BUSY_8_sum_count,             0
DRAM_BLACK_BOX_REQS_BUSY_8_sum_pct,         -nan
DRAM_BLACK_BOX_REQS_BUSY_8_sum_total_count,             0
DRAM_BLACK_BOX_REQS_BUSY_8_sum_total_pct,         -nan
DRAM_BLACK_BOX_REQS_BUSY_8_mean,         -nan
DRAM_BLACK_BOX_REQS_BUSY_8_stddev,         -nan
DRAM_BLACK_BOX_REQS_BUSY_8_total_mean,         -nan
DRAM_BLACK_BOX_REQS_BUSY_8_total_stddev,         -nan

NUM_MEM_SCHED_DECISIONS_count,             0
NUM_MEM_SCHED_DECISIONS_total_count,             0

MEM_REQ_NON_SCHEDULED_CANDIDATES_count,             0
MEM_REQ_NON_SCHEDULED_CANDIDATES_pct,         -nan
MEM_REQ_NON_SCHEDULED_CANDIDATES_total_count,             0
MEM_REQ_NON_SCHEDULED_CANDIDATES_total_pct,         -nan

NUM_MEM_SCHED_DECISIONS_PER_BANK_count,             0
NUM_MEM_SCHED_DECISIONS_PER_BANK_total_count,             0

MEM_REQ_NON_SCHEDULED_CANDIDATES_PER_BAN_count,             0
MEM_REQ_NON_SCHEDULED_CANDIDATES_PER_BAN_pct,         -nan
MEM_REQ_NON_SCHEDULED_CANDIDATES_PER_BAN_total_count,             0
MEM_REQ_NON_SCHEDULED_CANDIDATES_PER_BAN_total_pct,         -nan

ROW_BUFFER_HITS_BANK_0_count,             0
ROW_BUFFER_HITS_BANK_0_pct,         -nan
ROW_BUFFER_HITS_BANK_0_total_count,             0
ROW_BUFFER_HITS_BANK_0_total_pct,         -nan

ROW_BUFFER_HITS_BANK_1_count,             0
ROW_BUFFER_HITS_BANK_1_pct,         -nan
ROW_BUFFER_HITS_BANK_1_total_count,             0
ROW_BUFFER_HITS_BANK_1_total_pct,         -nan

ROW_BUFFER_HITS_BANK_2_count,             0
ROW_BUFFER_HITS_BANK_2_pct,         -nan
ROW_BUFFER_HITS_BANK_2_total_count,             0
ROW_BUFFER_HITS_BANK_2_total_pct,         -nan

ROW_BUFFER_HITS_BANK_3_count,             0
ROW_BUFFER_HITS_BANK_3_pct,         -nan
ROW_BUFFER_HITS_BANK_3_total_count,             0
ROW_BUFFER_HITS_BANK_3_total_pct,         -nan

ROW_BUFFER_HITS_BANK_4_count,             0
ROW_BUFFER_HITS_BANK_4_pct,         -nan
ROW_BUFFER_HITS_BANK_4_total_count,             0
ROW_BUFFER_HITS_BANK_4_total_pct,         -nan

ROW_BUFFER_HITS_BANK_5_count,             0
ROW_BUFFER_HITS_BANK_5_pct,         -nan
ROW_BUFFER_HITS_BANK_5_total_count,             0
ROW_BUFFER_HITS_BANK_5_total_pct,         -nan

ROW_BUFFER_HITS_BANK_6_count,             0
ROW_BUFFER_HITS_BANK_6_pct,         -nan
ROW_BUFFER_HITS_BANK_6_total_count,             0
ROW_BUFFER_HITS_BANK_6_total_pct,         -nan

ROW_BUFFER_HITS_BANK_7_count,             0
ROW_BUFFER_HITS_BANK_7_pct,         -nan
ROW_BUFFER_HITS_BANK_7_total_count,             0
ROW_BUFFER_HITS_BANK_7_total_pct,         -nan
ROW_BUFFER_HITS_BANK_7_sum_count,             0
ROW_BUFFER_HITS_BANK_7_sum_pct,         -nan
ROW_BUFFER_HITS_BANK_7_sum_total_count,             0
ROW_BUFFER_HITS_BANK_7_sum_total_pct,         -nan
ROW_BUFFER_HITS_BANK_7_mean,         -nan
ROW_BUFFER_HITS_BANK_7_stddev,         -nan
ROW_BUFFER_HITS_BANK_7_total_mean,         -nan
ROW_BUFFER_HITS_BANK_7_total_stddev,         -nan

ROW_BUFFER_CONFLICTS_BANK_0_count,             0
ROW_BUFFER_CONFLICTS_BANK_0_pct,         -nan
ROW_BUFFER_CONFLICTS_BANK_0_total_count,             0
ROW_BUFFER_CONFLICTS_BANK_0_total_pct,         -nan

ROW_BUFFER_CONFLICTS_BANK_1_count,             0
ROW_BUFFER_CONFLICTS_BANK_1_pct,         -nan
ROW_BUFFER_CONFLICTS_BANK_1_total_count,             0
ROW_BUFFER_CONFLICTS_BANK_1_total_pct,         -nan

ROW_BUFFER_CONFLICTS_BANK_2_count,             0
ROW_BUFFER_CONFLICTS_BANK_2_pct,         -nan
ROW_BUFFER_CONFLICTS_BANK_2_total_count,             0
ROW_BUFFER_CONFLICTS_BANK_2_total_pct,         -nan

ROW_BUFFER_CONFLICTS_BANK_3_count,             0
ROW_BUFFER_CONFLICTS_BANK_3_pct,         -nan
ROW_BUFFER_CONFLICTS_BANK_3_total_count,             0
ROW_BUFFER_CONFLICTS_BANK_3_total_pct,         -nan

ROW_BUFFER_CONFLICTS_BANK_4_count,             0
ROW_BUFFER_CONFLICTS_BANK_4_pct,         -nan
ROW_BUFFER_CONFLICTS_BANK_4_total_count,             0
ROW_BUFFER_CONFLICTS_BANK_4_total_pct,         -nan

ROW_BUFFER_CONFLICTS_BANK_5_count,             0
ROW_BUFFER_CONFLICTS_BANK_5_pct,         -nan
ROW_BUFFER_CONFLICTS_BANK_5_total_count,             0
ROW_BUFFER_CONFLICTS_BANK_5_total_pct,         -nan

ROW_BUFFER_CONFLICTS_BANK_6_count,             0
ROW_BUFFER_CONFLICTS_BANK_6_pct,         -nan
ROW_BUFFER_CONFLICTS_BANK_6_total_count,             0
ROW_BUFFER_CONFLICTS_BANK_6_total_pct,         -nan

ROW_BUFFER_CONFLICTS_BANK_7_count,             0
ROW_BUFFER_CONFLICTS_BANK_7_pct,         -nan
ROW_BUFFER_CONFLICTS_BANK_7_total_count,             0
ROW_BUFFER_CONFLICTS_BANK_7_total_pct,         -nan
ROW_BUFFER_CONFLICTS_BANK_7_sum_count,             0
ROW_BUFFER_CONFLICTS_BANK_7_sum_pct,         -nan
ROW_BUFFER_CONFLICTS_BANK_7_sum_total_count,             0
ROW_BUFFER_CONFLICTS_BANK_7_sum_total_pct,         -nan
ROW_BUFFER_CONFLICTS_BANK_7_mean,         -nan
ROW_BUFFER_CONFLICTS_BANK_7_stddev,         -nan
ROW_BUFFER_CONFLICTS_BANK_7_total_mean,         -nan
ROW_BUFFER_CONFLICTS_BANK_7_total_stddev,         -nan

MEM_BANK_WAITING_CYCLES_count,             0
MEM_BANK_WAITING_CYCLES_total_count,             0

MEM_WAITING_CYCLES_TIMES_840_count,             0
MEM_WAITING_CYCLES_TIMES_840_total_count,             0

MEM_PROB_WAITING_CYCLES_count,             0
MEM_PROB_WAITING_CYCLES_total_count,             0

DRAM_SCHED_QUANTA_count,             0
DRAM_SCHED_QUANTA_total_count,             0

DRAM_SCHED_CORE_PRIORITY_0_count,             0
DRAM_SCHED_CORE_PRIORITY_0_pct,         -nan
DRAM_SCHED_CORE_PRIORITY_0_total_count,             0
DRAM_SCHED_CORE_PRIORITY_0_total_pct,         -nan

DRAM_SCHED_CORE_PRIORITY_1_count,             0
DRAM_SCHED_CORE_PRIORITY_1_pct,         -nan
DRAM_SCHED_CORE_PRIORITY_1_total_count,             0
DRAM_SCHED_CORE_PRIORITY_1_total_pct,         -nan

DRAM_SCHED_CORE_PRIORITY_2_count,             0
DRAM_SCHED_CORE_PRIORITY_2_pct,         -nan
DRAM_SCHED_CORE_PRIORITY_2_total_count,             0
DRAM_SCHED_CORE_PRIORITY_2_total_pct,         -nan

DRAM_SCHED_CORE_PRIORITY_3_count,             0
DRAM_SCHED_CORE_PRIORITY_3_pct,         -nan
DRAM_SCHED_CORE_PRIORITY_3_total_count,             0
DRAM_SCHED_CORE_PRIORITY_3_total_pct,         -nan

DRAM_SCHED_CORE_PRIORITY_4_count,             0
DRAM_SCHED_CORE_PRIORITY_4_pct,         -nan
DRAM_SCHED_CORE_PRIORITY_4_total_count,             0
DRAM_SCHED_CORE_PRIORITY_4_total_pct,         -nan

DRAM_SCHED_CORE_PRIORITY_5_count,             0
DRAM_SCHED_CORE_PRIORITY_5_pct,         -nan
DRAM_SCHED_CORE_PRIORITY_5_total_count,             0
DRAM_SCHED_CORE_PRIORITY_5_total_pct,         -nan

DRAM_SCHED_CORE_PRIORITY_6_count,             0
DRAM_SCHED_CORE_PRIORITY_6_pct,         -nan
DRAM_SCHED_CORE_PRIORITY_6_total_count,             0
DRAM_SCHED_CORE_PRIORITY_6_total_pct,         -nan

DRAM_SCHED_CORE_PRIORITY_7_count,             0
DRAM_SCHED_CORE_PRIORITY_7_pct,         -nan
DRAM_SCHED_CORE_PRIORITY_7_total_count,             0
DRAM_SCHED_CORE_PRIORITY_7_total_pct,         -nan
DRAM_SCHED_CORE_PRIORITY_7_sum_count,             0
DRAM_SCHED_CORE_PRIORITY_7_sum_pct,         -nan
DRAM_SCHED_CORE_PRIORITY_7_sum_total_count,             0
DRAM_SCHED_CORE_PRIORITY_7_sum_total_pct,         -nan
DRAM_SCHED_CORE_PRIORITY_7_mean,         -nan
DRAM_SCHED_CORE_PRIORITY_7_stddev,         -nan
DRAM_SCHED_CORE_PRIORITY_7_total_mean,         -nan
DRAM_SCHED_CORE_PRIORITY_7_total_stddev,         -nan

DRAM_SCHED_CMD_SCHEDULED_count,             0
DRAM_SCHED_CMD_SCHEDULED_pct,         -nan
DRAM_SCHED_CMD_SCHEDULED_total_count,             0
DRAM_SCHED_CMD_SCHEDULED_total_pct,         -nan

DRAM_SCHED_DIFF_CORE_AVAILABLE_count,             0
DRAM_SCHED_DIFF_CORE_AVAILABLE_pct,         -nan
DRAM_SCHED_DIFF_CORE_AVAILABLE_total_count,             0
DRAM_SCHED_DIFF_CORE_AVAILABLE_total_pct,         -nan

DRAM_SCHED_DIFF_CORE_DECIDING_INPUT_1_count,             0
DRAM_SCHED_DIFF_CORE_DECIDING_INPUT_1_pct,         -nan
DRAM_SCHED_DIFF_CORE_DECIDING_INPUT_1_total_count,             0
DRAM_SCHED_DIFF_CORE_DECIDING_INPUT_1_total_pct,         -nan

DRAM_SCHED_DIFF_CORE_DECIDING_INPUT_2_count,             0
DRAM_SCHED_DIFF_CORE_DECIDING_INPUT_2_pct,         -nan
DRAM_SCHED_DIFF_CORE_DECIDING_INPUT_2_total_count,             0
DRAM_SCHED_DIFF_CORE_DECIDING_INPUT_2_total_pct,         -nan

DRAM_SCHED_DIFF_CORE_DECIDING_INPUT_3_count,             0
DRAM_SCHED_DIFF_CORE_DECIDING_INPUT_3_pct,         -nan
DRAM_SCHED_DIFF_CORE_DECIDING_INPUT_3_total_count,             0
DRAM_SCHED_DIFF_CORE_DECIDING_INPUT_3_total_pct,         -nan

DRAM_SCHED_DIFF_CORE_DECIDING_INPUT_4_count,             0
DRAM_SCHED_DIFF_CORE_DECIDING_INPUT_4_pct,         -nan
DRAM_SCHED_DIFF_CORE_DECIDING_INPUT_4_total_count,             0
DRAM_SCHED_DIFF_CORE_DECIDING_INPUT_4_total_pct,         -nan

DRAM_SCHED_DIFF_CORE_DECIDING_INPUT_5_count,             0
DRAM_SCHED_DIFF_CORE_DECIDING_INPUT_5_pct,         -nan
DRAM_SCHED_DIFF_CORE_DECIDING_INPUT_5_total_count,             0
DRAM_SCHED_DIFF_CORE_DECIDING_INPUT_5_total_pct,         -nan

DRAM_SCHED_DIFF_CORE_DECIDING_INPUT_6_count,             0
DRAM_SCHED_DIFF_CORE_DECIDING_INPUT_6_pct,         -nan
DRAM_SCHED_DIFF_CORE_DECIDING_INPUT_6_total_count,             0
DRAM_SCHED_DIFF_CORE_DECIDING_INPUT_6_total_pct,         -nan

DRAM_SCHED_DIFF_CORE_DECIDING_INPUT_7_count,             0
DRAM_SCHED_DIFF_CORE_DECIDING_INPUT_7_pct,         -nan
DRAM_SCHED_DIFF_CORE_DECIDING_INPUT_7_total_count,             0
DRAM_SCHED_DIFF_CORE_DECIDING_INPUT_7_total_pct,         -nan

DRAM_SCHED_DIFF_CORE_DECIDING_INPUT_8_count,             0
DRAM_SCHED_DIFF_CORE_DECIDING_INPUT_8_pct,         -nan
DRAM_SCHED_DIFF_CORE_DECIDING_INPUT_8_total_count,             0
DRAM_SCHED_DIFF_CORE_DECIDING_INPUT_8_total_pct,         -nan
DRAM_SCHED_DIFF_CORE_DECIDING_INPUT_8_sum_count,             0
DRAM_SCHED_DIFF_CORE_DECIDING_INPUT_8_sum_pct,         -nan
DRAM_SCHED_DIFF_CORE_DECIDING_INPUT_8_sum_total_count,             0
DRAM_SCHED_DIFF_CORE_DECIDING_INPUT_8_sum_total_pct,         -nan
DRAM_SCHED_DIFF_CORE_DECIDING_INPUT_8_mean,         -nan
DRAM_SCHED_DIFF_CORE_DECIDING_INPUT_8_stddev,         -nan
DRAM_SCHED_DIFF_CORE_DECIDING_INPUT_8_total_mean,         -nan
DRAM_SCHED_DIFF_CORE_DECIDING_INPUT_8_total_stddev,         -nan

DRAM_BANK_WAIT_CYCLES_ROW_CONFLICT_count,             0
DRAM_BANK_WAIT_CYCLES_ROW_CONFLICT_total_count,             0

DRAM_BANK_WAIT_CYCLES_ROW_MISS_count,             0
DRAM_BANK_WAIT_CYCLES_ROW_MISS_total_count,             0

DRAM_BANK_WAIT_CYCLES_ROW_HIT_count,             0
DRAM_BANK_WAIT_CYCLES_ROW_HIT_total_count,             0

DRAM_ROW_OPEN_WAIT_count,             0
DRAM_ROW_OPEN_WAIT_total_count,             0

MEM_QUEUE_ARRIVAL_DISTANCE_0_count,             0
MEM_QUEUE_ARRIVAL_DISTANCE_0_pct,         -nan
MEM_QUEUE_ARRIVAL_DISTANCE_0_total_count,             0
MEM_QUEUE_ARRIVAL_DISTANCE_0_total_pct,         -nan

MEM_QUEUE_ARRIVAL_DISTANCE_10_count,             0
MEM_QUEUE_ARRIVAL_DISTANCE_10_pct,         -nan
MEM_QUEUE_ARRIVAL_DISTANCE_10_total_count,             0
MEM_QUEUE_ARRIVAL_DISTANCE_10_total_pct,         -nan

MEM_QUEUE_ARRIVAL_DISTANCE_20_count,             0
MEM_QUEUE_ARRIVAL_DISTANCE_20_pct,         -nan
MEM_QUEUE_ARRIVAL_DISTANCE_20_total_count,             0
MEM_QUEUE_ARRIVAL_DISTANCE_20_total_pct,         -nan

MEM_QUEUE_ARRIVAL_DISTANCE_30_count,             0
MEM_QUEUE_ARRIVAL_DISTANCE_30_pct,         -nan
MEM_QUEUE_ARRIVAL_DISTANCE_30_total_count,             0
MEM_QUEUE_ARRIVAL_DISTANCE_30_total_pct,         -nan

MEM_QUEUE_ARRIVAL_DISTANCE_40_count,             0
MEM_QUEUE_ARRIVAL_DISTANCE_40_pct,         -nan
MEM_QUEUE_ARRIVAL_DISTANCE_40_total_count,             0
MEM_QUEUE_ARRIVAL_DISTANCE_40_total_pct,         -nan

MEM_QUEUE_ARRIVAL_DISTANCE_50_count,             0
MEM_QUEUE_ARRIVAL_DISTANCE_50_pct,         -nan
MEM_QUEUE_ARRIVAL_DISTANCE_50_total_count,             0
MEM_QUEUE_ARRIVAL_DISTANCE_50_total_pct,         -nan

MEM_QUEUE_ARRIVAL_DISTANCE_60_count,             0
MEM_QUEUE_ARRIVAL_DISTANCE_60_pct,         -nan
MEM_QUEUE_ARRIVAL_DISTANCE_60_total_count,             0
MEM_QUEUE_ARRIVAL_DISTANCE_60_total_pct,         -nan

MEM_QUEUE_ARRIVAL_DISTANCE_70_count,             0
MEM_QUEUE_ARRIVAL_DISTANCE_70_pct,         -nan
MEM_QUEUE_ARRIVAL_DISTANCE_70_total_count,             0
MEM_QUEUE_ARRIVAL_DISTANCE_70_total_pct,         -nan

MEM_QUEUE_ARRIVAL_DISTANCE_80_count,             0
MEM_QUEUE_ARRIVAL_DISTANCE_80_pct,         -nan
MEM_QUEUE_ARRIVAL_DISTANCE_80_total_count,             0
MEM_QUEUE_ARRIVAL_DISTANCE_80_total_pct,         -nan

MEM_QUEUE_ARRIVAL_DISTANCE_90_count,             0
MEM_QUEUE_ARRIVAL_DISTANCE_90_pct,         -nan
MEM_QUEUE_ARRIVAL_DISTANCE_90_total_count,             0
MEM_QUEUE_ARRIVAL_DISTANCE_90_total_pct,         -nan

MEM_QUEUE_ARRIVAL_DISTANCE_100_count,             0
MEM_QUEUE_ARRIVAL_DISTANCE_100_pct,         -nan
MEM_QUEUE_ARRIVAL_DISTANCE_100_total_count,             0
MEM_QUEUE_ARRIVAL_DISTANCE_100_total_pct,         -nan

MEM_QUEUE_ARRIVAL_DISTANCE_110_count,             0
MEM_QUEUE_ARRIVAL_DISTANCE_110_pct,         -nan
MEM_QUEUE_ARRIVAL_DISTANCE_110_total_count,             0
MEM_QUEUE_ARRIVAL_DISTANCE_110_total_pct,         -nan

MEM_QUEUE_ARRIVAL_DISTANCE_120_count,             0
MEM_QUEUE_ARRIVAL_DISTANCE_120_pct,         -nan
MEM_QUEUE_ARRIVAL_DISTANCE_120_total_count,             0
MEM_QUEUE_ARRIVAL_DISTANCE_120_total_pct,         -nan

MEM_QUEUE_ARRIVAL_DISTANCE_130_count,             0
MEM_QUEUE_ARRIVAL_DISTANCE_130_pct,         -nan
MEM_QUEUE_ARRIVAL_DISTANCE_130_total_count,             0
MEM_QUEUE_ARRIVAL_DISTANCE_130_total_pct,         -nan

MEM_QUEUE_ARRIVAL_DISTANCE_140_count,             0
MEM_QUEUE_ARRIVAL_DISTANCE_140_pct,         -nan
MEM_QUEUE_ARRIVAL_DISTANCE_140_total_count,             0
MEM_QUEUE_ARRIVAL_DISTANCE_140_total_pct,         -nan

MEM_QUEUE_ARRIVAL_DISTANCE_150_count,             0
MEM_QUEUE_ARRIVAL_DISTANCE_150_pct,         -nan
MEM_QUEUE_ARRIVAL_DISTANCE_150_total_count,             0
MEM_QUEUE_ARRIVAL_DISTANCE_150_total_pct,         -nan

MEM_QUEUE_ARRIVAL_DISTANCE_160_count,             0
MEM_QUEUE_ARRIVAL_DISTANCE_160_pct,         -nan
MEM_QUEUE_ARRIVAL_DISTANCE_160_total_count,             0
MEM_QUEUE_ARRIVAL_DISTANCE_160_total_pct,         -nan

MEM_QUEUE_ARRIVAL_DISTANCE_170_count,             0
MEM_QUEUE_ARRIVAL_DISTANCE_170_pct,         -nan
MEM_QUEUE_ARRIVAL_DISTANCE_170_total_count,             0
MEM_QUEUE_ARRIVAL_DISTANCE_170_total_pct,         -nan

MEM_QUEUE_ARRIVAL_DISTANCE_180_count,             0
MEM_QUEUE_ARRIVAL_DISTANCE_180_pct,         -nan
MEM_QUEUE_ARRIVAL_DISTANCE_180_total_count,             0
MEM_QUEUE_ARRIVAL_DISTANCE_180_total_pct,         -nan

MEM_QUEUE_ARRIVAL_DISTANCE_190_count,             0
MEM_QUEUE_ARRIVAL_DISTANCE_190_pct,         -nan
MEM_QUEUE_ARRIVAL_DISTANCE_190_total_count,             0
MEM_QUEUE_ARRIVAL_DISTANCE_190_total_pct,         -nan

MEM_QUEUE_ARRIVAL_DISTANCE_200_count,             0
MEM_QUEUE_ARRIVAL_DISTANCE_200_pct,         -nan
MEM_QUEUE_ARRIVAL_DISTANCE_200_total_count,             0
MEM_QUEUE_ARRIVAL_DISTANCE_200_total_pct,         -nan

MEM_QUEUE_ARRIVAL_DISTANCE_210_count,             0
MEM_QUEUE_ARRIVAL_DISTANCE_210_pct,         -nan
MEM_QUEUE_ARRIVAL_DISTANCE_210_total_count,             0
MEM_QUEUE_ARRIVAL_DISTANCE_210_total_pct,         -nan

MEM_QUEUE_ARRIVAL_DISTANCE_220_count,             0
MEM_QUEUE_ARRIVAL_DISTANCE_220_pct,         -nan
MEM_QUEUE_ARRIVAL_DISTANCE_220_total_count,             0
MEM_QUEUE_ARRIVAL_DISTANCE_220_total_pct,         -nan

MEM_QUEUE_ARRIVAL_DISTANCE_230_count,             0
MEM_QUEUE_ARRIVAL_DISTANCE_230_pct,         -nan
MEM_QUEUE_ARRIVAL_DISTANCE_230_total_count,             0
MEM_QUEUE_ARRIVAL_DISTANCE_230_total_pct,         -nan

MEM_QUEUE_ARRIVAL_DISTANCE_240_count,             0
MEM_QUEUE_ARRIVAL_DISTANCE_240_pct,         -nan
MEM_QUEUE_ARRIVAL_DISTANCE_240_total_count,             0
MEM_QUEUE_ARRIVAL_DISTANCE_240_total_pct,         -nan

MEM_QUEUE_ARRIVAL_DISTANCE_250_count,             0
MEM_QUEUE_ARRIVAL_DISTANCE_250_pct,         -nan
MEM_QUEUE_ARRIVAL_DISTANCE_250_total_count,             0
MEM_QUEUE_ARRIVAL_DISTANCE_250_total_pct,         -nan

MEM_QUEUE_ARRIVAL_DISTANCE_260_count,             0
MEM_QUEUE_ARRIVAL_DISTANCE_260_pct,         -nan
MEM_QUEUE_ARRIVAL_DISTANCE_260_total_count,             0
MEM_QUEUE_ARRIVAL_DISTANCE_260_total_pct,         -nan

MEM_QUEUE_ARRIVAL_DISTANCE_270_count,             0
MEM_QUEUE_ARRIVAL_DISTANCE_270_pct,         -nan
MEM_QUEUE_ARRIVAL_DISTANCE_270_total_count,             0
MEM_QUEUE_ARRIVAL_DISTANCE_270_total_pct,         -nan

MEM_QUEUE_ARRIVAL_DISTANCE_280_count,             0
MEM_QUEUE_ARRIVAL_DISTANCE_280_pct,         -nan
MEM_QUEUE_ARRIVAL_DISTANCE_280_total_count,             0
MEM_QUEUE_ARRIVAL_DISTANCE_280_total_pct,         -nan

MEM_QUEUE_ARRIVAL_DISTANCE_290_count,             0
MEM_QUEUE_ARRIVAL_DISTANCE_290_pct,         -nan
MEM_QUEUE_ARRIVAL_DISTANCE_290_total_count,             0
MEM_QUEUE_ARRIVAL_DISTANCE_290_total_pct,         -nan

MEM_QUEUE_ARRIVAL_DISTANCE_300_count,             0
MEM_QUEUE_ARRIVAL_DISTANCE_300_pct,         -nan
MEM_QUEUE_ARRIVAL_DISTANCE_300_total_count,             0
MEM_QUEUE_ARRIVAL_DISTANCE_300_total_pct,         -nan

MEM_QUEUE_ARRIVAL_DISTANCE_310_count,             0
MEM_QUEUE_ARRIVAL_DISTANCE_310_pct,         -nan
MEM_QUEUE_ARRIVAL_DISTANCE_310_total_count,             0
MEM_QUEUE_ARRIVAL_DISTANCE_310_total_pct,         -nan

MEM_QUEUE_ARRIVAL_DISTANCE_320_count,             0
MEM_QUEUE_ARRIVAL_DISTANCE_320_pct,         -nan
MEM_QUEUE_ARRIVAL_DISTANCE_320_total_count,             0
MEM_QUEUE_ARRIVAL_DISTANCE_320_total_pct,         -nan

MEM_QUEUE_ARRIVAL_DISTANCE_330_count,             0
MEM_QUEUE_ARRIVAL_DISTANCE_330_pct,         -nan
MEM_QUEUE_ARRIVAL_DISTANCE_330_total_count,             0
MEM_QUEUE_ARRIVAL_DISTANCE_330_total_pct,         -nan

MEM_QUEUE_ARRIVAL_DISTANCE_340_count,             0
MEM_QUEUE_ARRIVAL_DISTANCE_340_pct,         -nan
MEM_QUEUE_ARRIVAL_DISTANCE_340_total_count,             0
MEM_QUEUE_ARRIVAL_DISTANCE_340_total_pct,         -nan

MEM_QUEUE_ARRIVAL_DISTANCE_350_count,             0
MEM_QUEUE_ARRIVAL_DISTANCE_350_pct,         -nan
MEM_QUEUE_ARRIVAL_DISTANCE_350_total_count,             0
MEM_QUEUE_ARRIVAL_DISTANCE_350_total_pct,         -nan

MEM_QUEUE_ARRIVAL_DISTANCE_360_count,             0
MEM_QUEUE_ARRIVAL_DISTANCE_360_pct,         -nan
MEM_QUEUE_ARRIVAL_DISTANCE_360_total_count,             0
MEM_QUEUE_ARRIVAL_DISTANCE_360_total_pct,         -nan

MEM_QUEUE_ARRIVAL_DISTANCE_370_count,             0
MEM_QUEUE_ARRIVAL_DISTANCE_370_pct,         -nan
MEM_QUEUE_ARRIVAL_DISTANCE_370_total_count,             0
MEM_QUEUE_ARRIVAL_DISTANCE_370_total_pct,         -nan

MEM_QUEUE_ARRIVAL_DISTANCE_380_count,             0
MEM_QUEUE_ARRIVAL_DISTANCE_380_pct,         -nan
MEM_QUEUE_ARRIVAL_DISTANCE_380_total_count,             0
MEM_QUEUE_ARRIVAL_DISTANCE_380_total_pct,         -nan

MEM_QUEUE_ARRIVAL_DISTANCE_390_count,             0
MEM_QUEUE_ARRIVAL_DISTANCE_390_pct,         -nan
MEM_QUEUE_ARRIVAL_DISTANCE_390_total_count,             0
MEM_QUEUE_ARRIVAL_DISTANCE_390_total_pct,         -nan

MEM_QUEUE_ARRIVAL_DISTANCE_400_count,             0
MEM_QUEUE_ARRIVAL_DISTANCE_400_pct,         -nan
MEM_QUEUE_ARRIVAL_DISTANCE_400_total_count,             0
MEM_QUEUE_ARRIVAL_DISTANCE_400_total_pct,         -nan

MEM_QUEUE_ARRIVAL_DISTANCE_410_count,             0
MEM_QUEUE_ARRIVAL_DISTANCE_410_pct,         -nan
MEM_QUEUE_ARRIVAL_DISTANCE_410_total_count,             0
MEM_QUEUE_ARRIVAL_DISTANCE_410_total_pct,         -nan

MEM_QUEUE_ARRIVAL_DISTANCE_420_count,             0
MEM_QUEUE_ARRIVAL_DISTANCE_420_pct,         -nan
MEM_QUEUE_ARRIVAL_DISTANCE_420_total_count,             0
MEM_QUEUE_ARRIVAL_DISTANCE_420_total_pct,         -nan

MEM_QUEUE_ARRIVAL_DISTANCE_430_count,             0
MEM_QUEUE_ARRIVAL_DISTANCE_430_pct,         -nan
MEM_QUEUE_ARRIVAL_DISTANCE_430_total_count,             0
MEM_QUEUE_ARRIVAL_DISTANCE_430_total_pct,         -nan

MEM_QUEUE_ARRIVAL_DISTANCE_440_count,             0
MEM_QUEUE_ARRIVAL_DISTANCE_440_pct,         -nan
MEM_QUEUE_ARRIVAL_DISTANCE_440_total_count,             0
MEM_QUEUE_ARRIVAL_DISTANCE_440_total_pct,         -nan

MEM_QUEUE_ARRIVAL_DISTANCE_450_count,             0
MEM_QUEUE_ARRIVAL_DISTANCE_450_pct,         -nan
MEM_QUEUE_ARRIVAL_DISTANCE_450_total_count,             0
MEM_QUEUE_ARRIVAL_DISTANCE_450_total_pct,         -nan

MEM_QUEUE_ARRIVAL_DISTANCE_460_count,             0
MEM_QUEUE_ARRIVAL_DISTANCE_460_pct,         -nan
MEM_QUEUE_ARRIVAL_DISTANCE_460_total_count,             0
MEM_QUEUE_ARRIVAL_DISTANCE_460_total_pct,         -nan

MEM_QUEUE_ARRIVAL_DISTANCE_470_count,             0
MEM_QUEUE_ARRIVAL_DISTANCE_470_pct,         -nan
MEM_QUEUE_ARRIVAL_DISTANCE_470_total_count,             0
MEM_QUEUE_ARRIVAL_DISTANCE_470_total_pct,         -nan

MEM_QUEUE_ARRIVAL_DISTANCE_480_count,             0
MEM_QUEUE_ARRIVAL_DISTANCE_480_pct,         -nan
MEM_QUEUE_ARRIVAL_DISTANCE_480_total_count,             0
MEM_QUEUE_ARRIVAL_DISTANCE_480_total_pct,         -nan

MEM_QUEUE_ARRIVAL_DISTANCE_490_count,             0
MEM_QUEUE_ARRIVAL_DISTANCE_490_pct,         -nan
MEM_QUEUE_ARRIVAL_DISTANCE_490_total_count,             0
MEM_QUEUE_ARRIVAL_DISTANCE_490_total_pct,         -nan

MEM_QUEUE_ARRIVAL_DISTANCE_500_count,             0
MEM_QUEUE_ARRIVAL_DISTANCE_500_pct,         -nan
MEM_QUEUE_ARRIVAL_DISTANCE_500_total_count,             0
MEM_QUEUE_ARRIVAL_DISTANCE_500_total_pct,         -nan

MEM_QUEUE_ARRIVAL_DISTANCE_510_count,             0
MEM_QUEUE_ARRIVAL_DISTANCE_510_pct,         -nan
MEM_QUEUE_ARRIVAL_DISTANCE_510_total_count,             0
MEM_QUEUE_ARRIVAL_DISTANCE_510_total_pct,         -nan

MEM_QUEUE_ARRIVAL_DISTANCE_520_count,             0
MEM_QUEUE_ARRIVAL_DISTANCE_520_pct,         -nan
MEM_QUEUE_ARRIVAL_DISTANCE_520_total_count,             0
MEM_QUEUE_ARRIVAL_DISTANCE_520_total_pct,         -nan

MEM_QUEUE_ARRIVAL_DISTANCE_530_count,             0
MEM_QUEUE_ARRIVAL_DISTANCE_530_pct,         -nan
MEM_QUEUE_ARRIVAL_DISTANCE_530_total_count,             0
MEM_QUEUE_ARRIVAL_DISTANCE_530_total_pct,         -nan

MEM_QUEUE_ARRIVAL_DISTANCE_540_count,             0
MEM_QUEUE_ARRIVAL_DISTANCE_540_pct,         -nan
MEM_QUEUE_ARRIVAL_DISTANCE_540_total_count,             0
MEM_QUEUE_ARRIVAL_DISTANCE_540_total_pct,         -nan

MEM_QUEUE_ARRIVAL_DISTANCE_550_count,             0
MEM_QUEUE_ARRIVAL_DISTANCE_550_pct,         -nan
MEM_QUEUE_ARRIVAL_DISTANCE_550_total_count,             0
MEM_QUEUE_ARRIVAL_DISTANCE_550_total_pct,         -nan

MEM_QUEUE_ARRIVAL_DISTANCE_560_count,             0
MEM_QUEUE_ARRIVAL_DISTANCE_560_pct,         -nan
MEM_QUEUE_ARRIVAL_DISTANCE_560_total_count,             0
MEM_QUEUE_ARRIVAL_DISTANCE_560_total_pct,         -nan

MEM_QUEUE_ARRIVAL_DISTANCE_570_count,             0
MEM_QUEUE_ARRIVAL_DISTANCE_570_pct,         -nan
MEM_QUEUE_ARRIVAL_DISTANCE_570_total_count,             0
MEM_QUEUE_ARRIVAL_DISTANCE_570_total_pct,         -nan

MEM_QUEUE_ARRIVAL_DISTANCE_580_count,             0
MEM_QUEUE_ARRIVAL_DISTANCE_580_pct,         -nan
MEM_QUEUE_ARRIVAL_DISTANCE_580_total_count,             0
MEM_QUEUE_ARRIVAL_DISTANCE_580_total_pct,         -nan

MEM_QUEUE_ARRIVAL_DISTANCE_590_count,             0
MEM_QUEUE_ARRIVAL_DISTANCE_590_pct,         -nan
MEM_QUEUE_ARRIVAL_DISTANCE_590_total_count,             0
MEM_QUEUE_ARRIVAL_DISTANCE_590_total_pct,         -nan

MEM_QUEUE_ARRIVAL_DISTANCE_600_count,             0
MEM_QUEUE_ARRIVAL_DISTANCE_600_pct,         -nan
MEM_QUEUE_ARRIVAL_DISTANCE_600_total_count,             0
MEM_QUEUE_ARRIVAL_DISTANCE_600_total_pct,         -nan

MEM_QUEUE_ARRIVAL_DISTANCE_610_count,             0
MEM_QUEUE_ARRIVAL_DISTANCE_610_pct,         -nan
MEM_QUEUE_ARRIVAL_DISTANCE_610_total_count,             0
MEM_QUEUE_ARRIVAL_DISTANCE_610_total_pct,         -nan

MEM_QUEUE_ARRIVAL_DISTANCE_620_count,             0
MEM_QUEUE_ARRIVAL_DISTANCE_620_pct,         -nan
MEM_QUEUE_ARRIVAL_DISTANCE_620_total_count,             0
MEM_QUEUE_ARRIVAL_DISTANCE_620_total_pct,         -nan

MEM_QUEUE_ARRIVAL_DISTANCE_630_count,             0
MEM_QUEUE_ARRIVAL_DISTANCE_630_pct,         -nan
MEM_QUEUE_ARRIVAL_DISTANCE_630_total_count,             0
MEM_QUEUE_ARRIVAL_DISTANCE_630_total_pct,         -nan

MEM_QUEUE_ARRIVAL_DISTANCE_640_count,             0
MEM_QUEUE_ARRIVAL_DISTANCE_640_pct,         -nan
MEM_QUEUE_ARRIVAL_DISTANCE_640_total_count,             0
MEM_QUEUE_ARRIVAL_DISTANCE_640_total_pct,         -nan

MEM_QUEUE_ARRIVAL_DISTANCE_650_count,             0
MEM_QUEUE_ARRIVAL_DISTANCE_650_pct,         -nan
MEM_QUEUE_ARRIVAL_DISTANCE_650_total_count,             0
MEM_QUEUE_ARRIVAL_DISTANCE_650_total_pct,         -nan

MEM_QUEUE_ARRIVAL_DISTANCE_660_count,             0
MEM_QUEUE_ARRIVAL_DISTANCE_660_pct,         -nan
MEM_QUEUE_ARRIVAL_DISTANCE_660_total_count,             0
MEM_QUEUE_ARRIVAL_DISTANCE_660_total_pct,         -nan

MEM_QUEUE_ARRIVAL_DISTANCE_670_count,             0
MEM_QUEUE_ARRIVAL_DISTANCE_670_pct,         -nan
MEM_QUEUE_ARRIVAL_DISTANCE_670_total_count,             0
MEM_QUEUE_ARRIVAL_DISTANCE_670_total_pct,         -nan

MEM_QUEUE_ARRIVAL_DISTANCE_680_count,             0
MEM_QUEUE_ARRIVAL_DISTANCE_680_pct,         -nan
MEM_QUEUE_ARRIVAL_DISTANCE_680_total_count,             0
MEM_QUEUE_ARRIVAL_DISTANCE_680_total_pct,         -nan

MEM_QUEUE_ARRIVAL_DISTANCE_690_count,             0
MEM_QUEUE_ARRIVAL_DISTANCE_690_pct,         -nan
MEM_QUEUE_ARRIVAL_DISTANCE_690_total_count,             0
MEM_QUEUE_ARRIVAL_DISTANCE_690_total_pct,         -nan

MEM_QUEUE_ARRIVAL_DISTANCE_700_count,             0
MEM_QUEUE_ARRIVAL_DISTANCE_700_pct,         -nan
MEM_QUEUE_ARRIVAL_DISTANCE_700_total_count,             0
MEM_QUEUE_ARRIVAL_DISTANCE_700_total_pct,         -nan

MEM_QUEUE_ARRIVAL_DISTANCE_710_count,             0
MEM_QUEUE_ARRIVAL_DISTANCE_710_pct,         -nan
MEM_QUEUE_ARRIVAL_DISTANCE_710_total_count,             0
MEM_QUEUE_ARRIVAL_DISTANCE_710_total_pct,         -nan

MEM_QUEUE_ARRIVAL_DISTANCE_720_count,             0
MEM_QUEUE_ARRIVAL_DISTANCE_720_pct,         -nan
MEM_QUEUE_ARRIVAL_DISTANCE_720_total_count,             0
MEM_QUEUE_ARRIVAL_DISTANCE_720_total_pct,         -nan

MEM_QUEUE_ARRIVAL_DISTANCE_730_count,             0
MEM_QUEUE_ARRIVAL_DISTANCE_730_pct,         -nan
MEM_QUEUE_ARRIVAL_DISTANCE_730_total_count,             0
MEM_QUEUE_ARRIVAL_DISTANCE_730_total_pct,         -nan

MEM_QUEUE_ARRIVAL_DISTANCE_740_count,             0
MEM_QUEUE_ARRIVAL_DISTANCE_740_pct,         -nan
MEM_QUEUE_ARRIVAL_DISTANCE_740_total_count,             0
MEM_QUEUE_ARRIVAL_DISTANCE_740_total_pct,         -nan

MEM_QUEUE_ARRIVAL_DISTANCE_750_count,             0
MEM_QUEUE_ARRIVAL_DISTANCE_750_pct,         -nan
MEM_QUEUE_ARRIVAL_DISTANCE_750_total_count,             0
MEM_QUEUE_ARRIVAL_DISTANCE_750_total_pct,         -nan

MEM_QUEUE_ARRIVAL_DISTANCE_760_count,             0
MEM_QUEUE_ARRIVAL_DISTANCE_760_pct,         -nan
MEM_QUEUE_ARRIVAL_DISTANCE_760_total_count,             0
MEM_QUEUE_ARRIVAL_DISTANCE_760_total_pct,         -nan

MEM_QUEUE_ARRIVAL_DISTANCE_770_count,             0
MEM_QUEUE_ARRIVAL_DISTANCE_770_pct,         -nan
MEM_QUEUE_ARRIVAL_DISTANCE_770_total_count,             0
MEM_QUEUE_ARRIVAL_DISTANCE_770_total_pct,         -nan

MEM_QUEUE_ARRIVAL_DISTANCE_780_count,             0
MEM_QUEUE_ARRIVAL_DISTANCE_780_pct,         -nan
MEM_QUEUE_ARRIVAL_DISTANCE_780_total_count,             0
MEM_QUEUE_ARRIVAL_DISTANCE_780_total_pct,         -nan

MEM_QUEUE_ARRIVAL_DISTANCE_790_count,             0
MEM_QUEUE_ARRIVAL_DISTANCE_790_pct,         -nan
MEM_QUEUE_ARRIVAL_DISTANCE_790_total_count,             0
MEM_QUEUE_ARRIVAL_DISTANCE_790_total_pct,         -nan

MEM_QUEUE_ARRIVAL_DISTANCE_800_count,             0
MEM_QUEUE_ARRIVAL_DISTANCE_800_pct,         -nan
MEM_QUEUE_ARRIVAL_DISTANCE_800_total_count,             0
MEM_QUEUE_ARRIVAL_DISTANCE_800_total_pct,         -nan

MEM_QUEUE_ARRIVAL_DISTANCE_810_count,             0
MEM_QUEUE_ARRIVAL_DISTANCE_810_pct,         -nan
MEM_QUEUE_ARRIVAL_DISTANCE_810_total_count,             0
MEM_QUEUE_ARRIVAL_DISTANCE_810_total_pct,         -nan

MEM_QUEUE_ARRIVAL_DISTANCE_820_count,             0
MEM_QUEUE_ARRIVAL_DISTANCE_820_pct,         -nan
MEM_QUEUE_ARRIVAL_DISTANCE_820_total_count,             0
MEM_QUEUE_ARRIVAL_DISTANCE_820_total_pct,         -nan

MEM_QUEUE_ARRIVAL_DISTANCE_830_count,             0
MEM_QUEUE_ARRIVAL_DISTANCE_830_pct,         -nan
MEM_QUEUE_ARRIVAL_DISTANCE_830_total_count,             0
MEM_QUEUE_ARRIVAL_DISTANCE_830_total_pct,         -nan

MEM_QUEUE_ARRIVAL_DISTANCE_840_count,             0
MEM_QUEUE_ARRIVAL_DISTANCE_840_pct,         -nan
MEM_QUEUE_ARRIVAL_DISTANCE_840_total_count,             0
MEM_QUEUE_ARRIVAL_DISTANCE_840_total_pct,         -nan

MEM_QUEUE_ARRIVAL_DISTANCE_850_count,             0
MEM_QUEUE_ARRIVAL_DISTANCE_850_pct,         -nan
MEM_QUEUE_ARRIVAL_DISTANCE_850_total_count,             0
MEM_QUEUE_ARRIVAL_DISTANCE_850_total_pct,         -nan

MEM_QUEUE_ARRIVAL_DISTANCE_860_count,             0
MEM_QUEUE_ARRIVAL_DISTANCE_860_pct,         -nan
MEM_QUEUE_ARRIVAL_DISTANCE_860_total_count,             0
MEM_QUEUE_ARRIVAL_DISTANCE_860_total_pct,         -nan

MEM_QUEUE_ARRIVAL_DISTANCE_870_count,             0
MEM_QUEUE_ARRIVAL_DISTANCE_870_pct,         -nan
MEM_QUEUE_ARRIVAL_DISTANCE_870_total_count,             0
MEM_QUEUE_ARRIVAL_DISTANCE_870_total_pct,         -nan

MEM_QUEUE_ARRIVAL_DISTANCE_880_count,             0
MEM_QUEUE_ARRIVAL_DISTANCE_880_pct,         -nan
MEM_QUEUE_ARRIVAL_DISTANCE_880_total_count,             0
MEM_QUEUE_ARRIVAL_DISTANCE_880_total_pct,         -nan

MEM_QUEUE_ARRIVAL_DISTANCE_890_count,             0
MEM_QUEUE_ARRIVAL_DISTANCE_890_pct,         -nan
MEM_QUEUE_ARRIVAL_DISTANCE_890_total_count,             0
MEM_QUEUE_ARRIVAL_DISTANCE_890_total_pct,         -nan

MEM_QUEUE_ARRIVAL_DISTANCE_900_count,             0
MEM_QUEUE_ARRIVAL_DISTANCE_900_pct,         -nan
MEM_QUEUE_ARRIVAL_DISTANCE_900_total_count,             0
MEM_QUEUE_ARRIVAL_DISTANCE_900_total_pct,         -nan

MEM_QUEUE_ARRIVAL_DISTANCE_910_count,             0
MEM_QUEUE_ARRIVAL_DISTANCE_910_pct,         -nan
MEM_QUEUE_ARRIVAL_DISTANCE_910_total_count,             0
MEM_QUEUE_ARRIVAL_DISTANCE_910_total_pct,         -nan

MEM_QUEUE_ARRIVAL_DISTANCE_920_count,             0
MEM_QUEUE_ARRIVAL_DISTANCE_920_pct,         -nan
MEM_QUEUE_ARRIVAL_DISTANCE_920_total_count,             0
MEM_QUEUE_ARRIVAL_DISTANCE_920_total_pct,         -nan

MEM_QUEUE_ARRIVAL_DISTANCE_930_count,             0
MEM_QUEUE_ARRIVAL_DISTANCE_930_pct,         -nan
MEM_QUEUE_ARRIVAL_DISTANCE_930_total_count,             0
MEM_QUEUE_ARRIVAL_DISTANCE_930_total_pct,         -nan

MEM_QUEUE_ARRIVAL_DISTANCE_940_count,             0
MEM_QUEUE_ARRIVAL_DISTANCE_940_pct,         -nan
MEM_QUEUE_ARRIVAL_DISTANCE_940_total_count,             0
MEM_QUEUE_ARRIVAL_DISTANCE_940_total_pct,         -nan

MEM_QUEUE_ARRIVAL_DISTANCE_950_count,             0
MEM_QUEUE_ARRIVAL_DISTANCE_950_pct,         -nan
MEM_QUEUE_ARRIVAL_DISTANCE_950_total_count,             0
MEM_QUEUE_ARRIVAL_DISTANCE_950_total_pct,         -nan

MEM_QUEUE_ARRIVAL_DISTANCE_960_count,             0
MEM_QUEUE_ARRIVAL_DISTANCE_960_pct,         -nan
MEM_QUEUE_ARRIVAL_DISTANCE_960_total_count,             0
MEM_QUEUE_ARRIVAL_DISTANCE_960_total_pct,         -nan

MEM_QUEUE_ARRIVAL_DISTANCE_970_count,             0
MEM_QUEUE_ARRIVAL_DISTANCE_970_pct,         -nan
MEM_QUEUE_ARRIVAL_DISTANCE_970_total_count,             0
MEM_QUEUE_ARRIVAL_DISTANCE_970_total_pct,         -nan

MEM_QUEUE_ARRIVAL_DISTANCE_980_count,             0
MEM_QUEUE_ARRIVAL_DISTANCE_980_pct,         -nan
MEM_QUEUE_ARRIVAL_DISTANCE_980_total_count,             0
MEM_QUEUE_ARRIVAL_DISTANCE_980_total_pct,         -nan

MEM_QUEUE_ARRIVAL_DISTANCE_990_count,             0
MEM_QUEUE_ARRIVAL_DISTANCE_990_pct,         -nan
MEM_QUEUE_ARRIVAL_DISTANCE_990_total_count,             0
MEM_QUEUE_ARRIVAL_DISTANCE_990_total_pct,         -nan

MEM_QUEUE_ARRIVAL_DISTANCE_1000_count,             0
MEM_QUEUE_ARRIVAL_DISTANCE_1000_pct,         -nan
MEM_QUEUE_ARRIVAL_DISTANCE_1000_total_count,             0
MEM_QUEUE_ARRIVAL_DISTANCE_1000_total_pct,         -nan
MEM_QUEUE_ARRIVAL_DISTANCE_1000_sum_count,             0
MEM_QUEUE_ARRIVAL_DISTANCE_1000_sum_pct,         -nan
MEM_QUEUE_ARRIVAL_DISTANCE_1000_sum_total_count,             0
MEM_QUEUE_ARRIVAL_DISTANCE_1000_sum_total_pct,         -nan
MEM_QUEUE_ARRIVAL_DISTANCE_1000_mean,         -nan
MEM_QUEUE_ARRIVAL_DISTANCE_1000_stddev,         -nan
MEM_QUEUE_ARRIVAL_DISTANCE_1000_total_mean,         -nan
MEM_QUEUE_ARRIVAL_DISTANCE_1000_total_stddev,         -nan

EQUAL_USE_QUANTUMS_count,             0
EQUAL_USE_QUANTUMS_total_count,             0

EQUAL_USE_BW_MEASURE_PERIODS_count,             0
EQUAL_USE_BW_MEASURE_PERIODS_total_count,             0

EQUAL_USE_BW_count,             0
EQUAL_USE_BW_total_count,             0

EQUAL_USE_BOTTLENECK_BUS_count,             0
EQUAL_USE_BOTTLENECK_BUS_pct,         -nan
EQUAL_USE_BOTTLENECK_BUS_total_count,             0
EQUAL_USE_BOTTLENECK_BUS_total_pct,         -nan

EQUAL_USE_BOTTLENECK_BANK_count,             0
EQUAL_USE_BOTTLENECK_BANK_pct,         -nan
EQUAL_USE_BOTTLENECK_BANK_total_count,             0
EQUAL_USE_BOTTLENECK_BANK_total_pct,         -nan

EQUAL_USE_BOTTLENECK_FAW_count,             0
EQUAL_USE_BOTTLENECK_FAW_pct,         -nan
EQUAL_USE_BOTTLENECK_FAW_total_count,             0
EQUAL_USE_BOTTLENECK_FAW_total_pct,         -nan

EQUAL_USE_BOTTLENECK_BUS_PLUS_FAW_count,             0
EQUAL_USE_BOTTLENECK_BUS_PLUS_FAW_pct,         -nan
EQUAL_USE_BOTTLENECK_BUS_PLUS_FAW_total_count,             0
EQUAL_USE_BOTTLENECK_BUS_PLUS_FAW_total_pct,         -nan
EQUAL_USE_BOTTLENECK_BUS_PLUS_FAW_sum_count,             0
EQUAL_USE_BOTTLENECK_BUS_PLUS_FAW_sum_pct,         -nan
EQUAL_USE_BOTTLENECK_BUS_PLUS_FAW_sum_total_count,             0
EQUAL_USE_BOTTLENECK_BUS_PLUS_FAW_sum_total_pct,         -nan
EQUAL_USE_BOTTLENECK_BUS_PLUS_FAW_mean,         -nan
EQUAL_USE_BOTTLENECK_BUS_PLUS_FAW_stddev,         -nan
EQUAL_USE_BOTTLENECK_BUS_PLUS_FAW_total_mean,         -nan
EQUAL_USE_BOTTLENECK_BUS_PLUS_FAW_total_stddev,         -nan

EQUAL_USE_BW_BUS_count,             0
EQUAL_USE_BW_BUS_total_count,             0

EQUAL_USE_BW_BANK_count,             0
EQUAL_USE_BW_BANK_total_count,             0

EQUAL_USE_BW_FAW_count,             0
EQUAL_USE_BW_FAW_total_count,             0

EQUAL_USE_BW_BUS_PLUS_FAW_count,             0
EQUAL_USE_BW_BUS_PLUS_FAW_total_count,             0

EQUAL_USE_BW_BUS_PLUS_FAW2_count,             0
EQUAL_USE_BW_BUS_PLUS_FAW2_total_count,             0

EQUAL_USE_BW_BUS_PLUS_FAW3_count,             0
EQUAL_USE_BW_BUS_PLUS_FAW3_total_count,             0

EQUAL_USE_BW_CRIT_PATH_count,             0
EQUAL_USE_BW_CRIT_PATH_total_count,             0

EQUAL_USE_BW_BLACK_BOX_count,             0
EQUAL_USE_BW_BLACK_BOX_total_count,             0

DRAM_BANK_SERVICE_count,             0
DRAM_BANK_SERVICE_total_count,             0

DRAM_CONTENDED_BANK_SERVICE_count,             0
DRAM_CONTENDED_BANK_SERVICE_total_count,             0

DRAM_BUS_DIR_SWITCHES_count,             0
DRAM_BUS_DIR_SWITCHES_total_count,             0

DRAM_ACTIVATE_TO_COLUMN_LATENCY_count,             0
DRAM_ACTIVATE_TO_COLUMN_LATENCY_total_count,             0

DRAM_ACTIVATE_TO_READ_count,             0
DRAM_ACTIVATE_TO_READ_total_count,             0

DRAM_ACTIVATE_TO_READ_LATENCY_count,             0
DRAM_ACTIVATE_TO_READ_LATENCY_pct,         -nan
DRAM_ACTIVATE_TO_READ_LATENCY_total_count,             0
DRAM_ACTIVATE_TO_READ_LATENCY_total_pct,         -nan

DRAM_ACTIVATE_TO_WRITE_count,             0
DRAM_ACTIVATE_TO_WRITE_total_count,             0

DRAM_ACTIVATE_TO_WRITE_LATENCY_count,             0
DRAM_ACTIVATE_TO_WRITE_LATENCY_pct,         -nan
DRAM_ACTIVATE_TO_WRITE_LATENCY_total_count,             0
DRAM_ACTIVATE_TO_WRITE_LATENCY_total_pct,         -nan

EQUAL_USE_PRIORITY_0_count,             0
EQUAL_USE_PRIORITY_0_pct,         -nan
EQUAL_USE_PRIORITY_0_total_count,             0
EQUAL_USE_PRIORITY_0_total_pct,         -nan

EQUAL_USE_PRIORITY_1_count,             0
EQUAL_USE_PRIORITY_1_pct,         -nan
EQUAL_USE_PRIORITY_1_total_count,             0
EQUAL_USE_PRIORITY_1_total_pct,         -nan

EQUAL_USE_PRIORITY_2_count,             0
EQUAL_USE_PRIORITY_2_pct,         -nan
EQUAL_USE_PRIORITY_2_total_count,             0
EQUAL_USE_PRIORITY_2_total_pct,         -nan

EQUAL_USE_PRIORITY_3_count,             0
EQUAL_USE_PRIORITY_3_pct,         -nan
EQUAL_USE_PRIORITY_3_total_count,             0
EQUAL_USE_PRIORITY_3_total_pct,         -nan

EQUAL_USE_PRIORITY_4_count,             0
EQUAL_USE_PRIORITY_4_pct,         -nan
EQUAL_USE_PRIORITY_4_total_count,             0
EQUAL_USE_PRIORITY_4_total_pct,         -nan

EQUAL_USE_PRIORITY_5_count,             0
EQUAL_USE_PRIORITY_5_pct,         -nan
EQUAL_USE_PRIORITY_5_total_count,             0
EQUAL_USE_PRIORITY_5_total_pct,         -nan

EQUAL_USE_PRIORITY_6_count,             0
EQUAL_USE_PRIORITY_6_pct,         -nan
EQUAL_USE_PRIORITY_6_total_count,             0
EQUAL_USE_PRIORITY_6_total_pct,         -nan

EQUAL_USE_PRIORITY_7_count,             0
EQUAL_USE_PRIORITY_7_pct,         -nan
EQUAL_USE_PRIORITY_7_total_count,             0
EQUAL_USE_PRIORITY_7_total_pct,         -nan

EQUAL_USE_PRIORITY_8_count,             0
EQUAL_USE_PRIORITY_8_pct,         -nan
EQUAL_USE_PRIORITY_8_total_count,             0
EQUAL_USE_PRIORITY_8_total_pct,         -nan

EQUAL_USE_PRIORITY_9_count,             0
EQUAL_USE_PRIORITY_9_pct,         -nan
EQUAL_USE_PRIORITY_9_total_count,             0
EQUAL_USE_PRIORITY_9_total_pct,         -nan

EQUAL_USE_PRIORITY_10_count,             0
EQUAL_USE_PRIORITY_10_pct,         -nan
EQUAL_USE_PRIORITY_10_total_count,             0
EQUAL_USE_PRIORITY_10_total_pct,         -nan

EQUAL_USE_PRIORITY_11_count,             0
EQUAL_USE_PRIORITY_11_pct,         -nan
EQUAL_USE_PRIORITY_11_total_count,             0
EQUAL_USE_PRIORITY_11_total_pct,         -nan

EQUAL_USE_PRIORITY_12_count,             0
EQUAL_USE_PRIORITY_12_pct,         -nan
EQUAL_USE_PRIORITY_12_total_count,             0
EQUAL_USE_PRIORITY_12_total_pct,         -nan

EQUAL_USE_PRIORITY_13_count,             0
EQUAL_USE_PRIORITY_13_pct,         -nan
EQUAL_USE_PRIORITY_13_total_count,             0
EQUAL_USE_PRIORITY_13_total_pct,         -nan

EQUAL_USE_PRIORITY_14_count,             0
EQUAL_USE_PRIORITY_14_pct,         -nan
EQUAL_USE_PRIORITY_14_total_count,             0
EQUAL_USE_PRIORITY_14_total_pct,         -nan

EQUAL_USE_PRIORITY_15_count,             0
EQUAL_USE_PRIORITY_15_pct,         -nan
EQUAL_USE_PRIORITY_15_total_count,             0
EQUAL_USE_PRIORITY_15_total_pct,         -nan
EQUAL_USE_PRIORITY_15_sum_count,             0
EQUAL_USE_PRIORITY_15_sum_pct,         -nan
EQUAL_USE_PRIORITY_15_sum_total_count,             0
EQUAL_USE_PRIORITY_15_sum_total_pct,         -nan
EQUAL_USE_PRIORITY_15_mean,         -nan
EQUAL_USE_PRIORITY_15_stddev,         -nan
EQUAL_USE_PRIORITY_15_total_mean,         -nan
EQUAL_USE_PRIORITY_15_total_stddev,         -nan

DRAM_ROW_ACCESSES_0_count,             0
DRAM_ROW_ACCESSES_0_pct,         -nan
DRAM_ROW_ACCESSES_0_total_count,             0
DRAM_ROW_ACCESSES_0_total_pct,         -nan

DRAM_ROW_ACCESSES_1_count,             0
DRAM_ROW_ACCESSES_1_pct,         -nan
DRAM_ROW_ACCESSES_1_total_count,             0
DRAM_ROW_ACCESSES_1_total_pct,         -nan

DRAM_ROW_ACCESSES_2_count,             0
DRAM_ROW_ACCESSES_2_pct,         -nan
DRAM_ROW_ACCESSES_2_total_count,             0
DRAM_ROW_ACCESSES_2_total_pct,         -nan

DRAM_ROW_ACCESSES_3_count,             0
DRAM_ROW_ACCESSES_3_pct,         -nan
DRAM_ROW_ACCESSES_3_total_count,             0
DRAM_ROW_ACCESSES_3_total_pct,         -nan

DRAM_ROW_ACCESSES_4_count,             0
DRAM_ROW_ACCESSES_4_pct,         -nan
DRAM_ROW_ACCESSES_4_total_count,             0
DRAM_ROW_ACCESSES_4_total_pct,         -nan

DRAM_ROW_ACCESSES_5_count,             0
DRAM_ROW_ACCESSES_5_pct,         -nan
DRAM_ROW_ACCESSES_5_total_count,             0
DRAM_ROW_ACCESSES_5_total_pct,         -nan

DRAM_ROW_ACCESSES_6_count,             0
DRAM_ROW_ACCESSES_6_pct,         -nan
DRAM_ROW_ACCESSES_6_total_count,             0
DRAM_ROW_ACCESSES_6_total_pct,         -nan

DRAM_ROW_ACCESSES_7_count,             0
DRAM_ROW_ACCESSES_7_pct,         -nan
DRAM_ROW_ACCESSES_7_total_count,             0
DRAM_ROW_ACCESSES_7_total_pct,         -nan

DRAM_ROW_ACCESSES_8_count,             0
DRAM_ROW_ACCESSES_8_pct,         -nan
DRAM_ROW_ACCESSES_8_total_count,             0
DRAM_ROW_ACCESSES_8_total_pct,         -nan

DRAM_ROW_ACCESSES_9_count,             0
DRAM_ROW_ACCESSES_9_pct,         -nan
DRAM_ROW_ACCESSES_9_total_count,             0
DRAM_ROW_ACCESSES_9_total_pct,         -nan

DRAM_ROW_ACCESSES_10_count,             0
DRAM_ROW_ACCESSES_10_pct,         -nan
DRAM_ROW_ACCESSES_10_total_count,             0
DRAM_ROW_ACCESSES_10_total_pct,         -nan

DRAM_ROW_ACCESSES_11_count,             0
DRAM_ROW_ACCESSES_11_pct,         -nan
DRAM_ROW_ACCESSES_11_total_count,             0
DRAM_ROW_ACCESSES_11_total_pct,         -nan

DRAM_ROW_ACCESSES_12_count,             0
DRAM_ROW_ACCESSES_12_pct,         -nan
DRAM_ROW_ACCESSES_12_total_count,             0
DRAM_ROW_ACCESSES_12_total_pct,         -nan

DRAM_ROW_ACCESSES_13_count,             0
DRAM_ROW_ACCESSES_13_pct,         -nan
DRAM_ROW_ACCESSES_13_total_count,             0
DRAM_ROW_ACCESSES_13_total_pct,         -nan

DRAM_ROW_ACCESSES_14_count,             0
DRAM_ROW_ACCESSES_14_pct,         -nan
DRAM_ROW_ACCESSES_14_total_count,             0
DRAM_ROW_ACCESSES_14_total_pct,         -nan

DRAM_ROW_ACCESSES_15_count,             0
DRAM_ROW_ACCESSES_15_pct,         -nan
DRAM_ROW_ACCESSES_15_total_count,             0
DRAM_ROW_ACCESSES_15_total_pct,         -nan

DRAM_ROW_ACCESSES_16_count,             0
DRAM_ROW_ACCESSES_16_pct,         -nan
DRAM_ROW_ACCESSES_16_total_count,             0
DRAM_ROW_ACCESSES_16_total_pct,         -nan

DRAM_ROW_ACCESSES_17_count,             0
DRAM_ROW_ACCESSES_17_pct,         -nan
DRAM_ROW_ACCESSES_17_total_count,             0
DRAM_ROW_ACCESSES_17_total_pct,         -nan

DRAM_ROW_ACCESSES_18_count,             0
DRAM_ROW_ACCESSES_18_pct,         -nan
DRAM_ROW_ACCESSES_18_total_count,             0
DRAM_ROW_ACCESSES_18_total_pct,         -nan

DRAM_ROW_ACCESSES_19_count,             0
DRAM_ROW_ACCESSES_19_pct,         -nan
DRAM_ROW_ACCESSES_19_total_count,             0
DRAM_ROW_ACCESSES_19_total_pct,         -nan

DRAM_ROW_ACCESSES_20_count,             0
DRAM_ROW_ACCESSES_20_pct,         -nan
DRAM_ROW_ACCESSES_20_total_count,             0
DRAM_ROW_ACCESSES_20_total_pct,         -nan

DRAM_ROW_ACCESSES_21_count,             0
DRAM_ROW_ACCESSES_21_pct,         -nan
DRAM_ROW_ACCESSES_21_total_count,             0
DRAM_ROW_ACCESSES_21_total_pct,         -nan

DRAM_ROW_ACCESSES_22_count,             0
DRAM_ROW_ACCESSES_22_pct,         -nan
DRAM_ROW_ACCESSES_22_total_count,             0
DRAM_ROW_ACCESSES_22_total_pct,         -nan

DRAM_ROW_ACCESSES_23_count,             0
DRAM_ROW_ACCESSES_23_pct,         -nan
DRAM_ROW_ACCESSES_23_total_count,             0
DRAM_ROW_ACCESSES_23_total_pct,         -nan

DRAM_ROW_ACCESSES_24_count,             0
DRAM_ROW_ACCESSES_24_pct,         -nan
DRAM_ROW_ACCESSES_24_total_count,             0
DRAM_ROW_ACCESSES_24_total_pct,         -nan

DRAM_ROW_ACCESSES_25_count,             0
DRAM_ROW_ACCESSES_25_pct,         -nan
DRAM_ROW_ACCESSES_25_total_count,             0
DRAM_ROW_ACCESSES_25_total_pct,         -nan

DRAM_ROW_ACCESSES_26_count,             0
DRAM_ROW_ACCESSES_26_pct,         -nan
DRAM_ROW_ACCESSES_26_total_count,             0
DRAM_ROW_ACCESSES_26_total_pct,         -nan

DRAM_ROW_ACCESSES_27_count,             0
DRAM_ROW_ACCESSES_27_pct,         -nan
DRAM_ROW_ACCESSES_27_total_count,             0
DRAM_ROW_ACCESSES_27_total_pct,         -nan

DRAM_ROW_ACCESSES_28_count,             0
DRAM_ROW_ACCESSES_28_pct,         -nan
DRAM_ROW_ACCESSES_28_total_count,             0
DRAM_ROW_ACCESSES_28_total_pct,         -nan

DRAM_ROW_ACCESSES_29_count,             0
DRAM_ROW_ACCESSES_29_pct,         -nan
DRAM_ROW_ACCESSES_29_total_count,             0
DRAM_ROW_ACCESSES_29_total_pct,         -nan

DRAM_ROW_ACCESSES_30_count,             0
DRAM_ROW_ACCESSES_30_pct,         -nan
DRAM_ROW_ACCESSES_30_total_count,             0
DRAM_ROW_ACCESSES_30_total_pct,         -nan

DRAM_ROW_ACCESSES_31_count,             0
DRAM_ROW_ACCESSES_31_pct,         -nan
DRAM_ROW_ACCESSES_31_total_count,             0
DRAM_ROW_ACCESSES_31_total_pct,         -nan

DRAM_ROW_ACCESSES_32_count,             0
DRAM_ROW_ACCESSES_32_pct,         -nan
DRAM_ROW_ACCESSES_32_total_count,             0
DRAM_ROW_ACCESSES_32_total_pct,         -nan

DRAM_ROW_ACCESSES_33_count,             0
DRAM_ROW_ACCESSES_33_pct,         -nan
DRAM_ROW_ACCESSES_33_total_count,             0
DRAM_ROW_ACCESSES_33_total_pct,         -nan

DRAM_ROW_ACCESSES_34_count,             0
DRAM_ROW_ACCESSES_34_pct,         -nan
DRAM_ROW_ACCESSES_34_total_count,             0
DRAM_ROW_ACCESSES_34_total_pct,         -nan

DRAM_ROW_ACCESSES_35_count,             0
DRAM_ROW_ACCESSES_35_pct,         -nan
DRAM_ROW_ACCESSES_35_total_count,             0
DRAM_ROW_ACCESSES_35_total_pct,         -nan

DRAM_ROW_ACCESSES_36_count,             0
DRAM_ROW_ACCESSES_36_pct,         -nan
DRAM_ROW_ACCESSES_36_total_count,             0
DRAM_ROW_ACCESSES_36_total_pct,         -nan

DRAM_ROW_ACCESSES_37_count,             0
DRAM_ROW_ACCESSES_37_pct,         -nan
DRAM_ROW_ACCESSES_37_total_count,             0
DRAM_ROW_ACCESSES_37_total_pct,         -nan

DRAM_ROW_ACCESSES_38_count,             0
DRAM_ROW_ACCESSES_38_pct,         -nan
DRAM_ROW_ACCESSES_38_total_count,             0
DRAM_ROW_ACCESSES_38_total_pct,         -nan

DRAM_ROW_ACCESSES_39_count,             0
DRAM_ROW_ACCESSES_39_pct,         -nan
DRAM_ROW_ACCESSES_39_total_count,             0
DRAM_ROW_ACCESSES_39_total_pct,         -nan

DRAM_ROW_ACCESSES_40_count,             0
DRAM_ROW_ACCESSES_40_pct,         -nan
DRAM_ROW_ACCESSES_40_total_count,             0
DRAM_ROW_ACCESSES_40_total_pct,         -nan

DRAM_ROW_ACCESSES_41_count,             0
DRAM_ROW_ACCESSES_41_pct,         -nan
DRAM_ROW_ACCESSES_41_total_count,             0
DRAM_ROW_ACCESSES_41_total_pct,         -nan

DRAM_ROW_ACCESSES_42_count,             0
DRAM_ROW_ACCESSES_42_pct,         -nan
DRAM_ROW_ACCESSES_42_total_count,             0
DRAM_ROW_ACCESSES_42_total_pct,         -nan

DRAM_ROW_ACCESSES_43_count,             0
DRAM_ROW_ACCESSES_43_pct,         -nan
DRAM_ROW_ACCESSES_43_total_count,             0
DRAM_ROW_ACCESSES_43_total_pct,         -nan

DRAM_ROW_ACCESSES_44_count,             0
DRAM_ROW_ACCESSES_44_pct,         -nan
DRAM_ROW_ACCESSES_44_total_count,             0
DRAM_ROW_ACCESSES_44_total_pct,         -nan

DRAM_ROW_ACCESSES_45_count,             0
DRAM_ROW_ACCESSES_45_pct,         -nan
DRAM_ROW_ACCESSES_45_total_count,             0
DRAM_ROW_ACCESSES_45_total_pct,         -nan

DRAM_ROW_ACCESSES_46_count,             0
DRAM_ROW_ACCESSES_46_pct,         -nan
DRAM_ROW_ACCESSES_46_total_count,             0
DRAM_ROW_ACCESSES_46_total_pct,         -nan

DRAM_ROW_ACCESSES_47_count,             0
DRAM_ROW_ACCESSES_47_pct,         -nan
DRAM_ROW_ACCESSES_47_total_count,             0
DRAM_ROW_ACCESSES_47_total_pct,         -nan

DRAM_ROW_ACCESSES_48_count,             0
DRAM_ROW_ACCESSES_48_pct,         -nan
DRAM_ROW_ACCESSES_48_total_count,             0
DRAM_ROW_ACCESSES_48_total_pct,         -nan

DRAM_ROW_ACCESSES_49_count,             0
DRAM_ROW_ACCESSES_49_pct,         -nan
DRAM_ROW_ACCESSES_49_total_count,             0
DRAM_ROW_ACCESSES_49_total_pct,         -nan

DRAM_ROW_ACCESSES_50_count,             0
DRAM_ROW_ACCESSES_50_pct,         -nan
DRAM_ROW_ACCESSES_50_total_count,             0
DRAM_ROW_ACCESSES_50_total_pct,         -nan

DRAM_ROW_ACCESSES_51_count,             0
DRAM_ROW_ACCESSES_51_pct,         -nan
DRAM_ROW_ACCESSES_51_total_count,             0
DRAM_ROW_ACCESSES_51_total_pct,         -nan

DRAM_ROW_ACCESSES_52_count,             0
DRAM_ROW_ACCESSES_52_pct,         -nan
DRAM_ROW_ACCESSES_52_total_count,             0
DRAM_ROW_ACCESSES_52_total_pct,         -nan

DRAM_ROW_ACCESSES_53_count,             0
DRAM_ROW_ACCESSES_53_pct,         -nan
DRAM_ROW_ACCESSES_53_total_count,             0
DRAM_ROW_ACCESSES_53_total_pct,         -nan

DRAM_ROW_ACCESSES_54_count,             0
DRAM_ROW_ACCESSES_54_pct,         -nan
DRAM_ROW_ACCESSES_54_total_count,             0
DRAM_ROW_ACCESSES_54_total_pct,         -nan

DRAM_ROW_ACCESSES_55_count,             0
DRAM_ROW_ACCESSES_55_pct,         -nan
DRAM_ROW_ACCESSES_55_total_count,             0
DRAM_ROW_ACCESSES_55_total_pct,         -nan

DRAM_ROW_ACCESSES_56_count,             0
DRAM_ROW_ACCESSES_56_pct,         -nan
DRAM_ROW_ACCESSES_56_total_count,             0
DRAM_ROW_ACCESSES_56_total_pct,         -nan

DRAM_ROW_ACCESSES_57_count,             0
DRAM_ROW_ACCESSES_57_pct,         -nan
DRAM_ROW_ACCESSES_57_total_count,             0
DRAM_ROW_ACCESSES_57_total_pct,         -nan

DRAM_ROW_ACCESSES_58_count,             0
DRAM_ROW_ACCESSES_58_pct,         -nan
DRAM_ROW_ACCESSES_58_total_count,             0
DRAM_ROW_ACCESSES_58_total_pct,         -nan

DRAM_ROW_ACCESSES_59_count,             0
DRAM_ROW_ACCESSES_59_pct,         -nan
DRAM_ROW_ACCESSES_59_total_count,             0
DRAM_ROW_ACCESSES_59_total_pct,         -nan

DRAM_ROW_ACCESSES_60_count,             0
DRAM_ROW_ACCESSES_60_pct,         -nan
DRAM_ROW_ACCESSES_60_total_count,             0
DRAM_ROW_ACCESSES_60_total_pct,         -nan

DRAM_ROW_ACCESSES_61_count,             0
DRAM_ROW_ACCESSES_61_pct,         -nan
DRAM_ROW_ACCESSES_61_total_count,             0
DRAM_ROW_ACCESSES_61_total_pct,         -nan

DRAM_ROW_ACCESSES_62_count,             0
DRAM_ROW_ACCESSES_62_pct,         -nan
DRAM_ROW_ACCESSES_62_total_count,             0
DRAM_ROW_ACCESSES_62_total_pct,         -nan

DRAM_ROW_ACCESSES_63_count,             0
DRAM_ROW_ACCESSES_63_pct,         -nan
DRAM_ROW_ACCESSES_63_total_count,             0
DRAM_ROW_ACCESSES_63_total_pct,         -nan

DRAM_ROW_ACCESSES_64_count,             0
DRAM_ROW_ACCESSES_64_pct,         -nan
DRAM_ROW_ACCESSES_64_total_count,             0
DRAM_ROW_ACCESSES_64_total_pct,         -nan
DRAM_ROW_ACCESSES_64_sum_count,             0
DRAM_ROW_ACCESSES_64_sum_pct,         -nan
DRAM_ROW_ACCESSES_64_sum_total_count,             0
DRAM_ROW_ACCESSES_64_sum_total_pct,         -nan
DRAM_ROW_ACCESSES_64_mean,         -nan
DRAM_ROW_ACCESSES_64_stddev,         -nan
DRAM_ROW_ACCESSES_64_total_mean,         -nan
DRAM_ROW_ACCESSES_64_total_stddev,         -nan

DRAM_NUM_REQS_0_TOTAL_count,             0
DRAM_NUM_REQS_0_TOTAL_total_count,             0

DRAM_NUM_REQS_1_TOTAL_count,             0
DRAM_NUM_REQS_1_TOTAL_total_count,             0

DRAM_NUM_REQS_2_TOTAL_count,             0
DRAM_NUM_REQS_2_TOTAL_total_count,             0

DRAM_NUM_REQS_3_TOTAL_count,             0
DRAM_NUM_REQS_3_TOTAL_total_count,             0

DRAM_NUM_REQS_4_TOTAL_count,             0
DRAM_NUM_REQS_4_TOTAL_total_count,             0

DRAM_NUM_REQS_5_TOTAL_count,             0
DRAM_NUM_REQS_5_TOTAL_total_count,             0

DRAM_NUM_REQS_6_TOTAL_count,             0
DRAM_NUM_REQS_6_TOTAL_total_count,             0

DRAM_NUM_REQS_7_TOTAL_count,             0
DRAM_NUM_REQS_7_TOTAL_total_count,             0

DRAM_NUM_REQS_8_TOTAL_count,             0
DRAM_NUM_REQS_8_TOTAL_total_count,             0

DRAM_NUM_REQS_9_TOTAL_count,             0
DRAM_NUM_REQS_9_TOTAL_total_count,             0

DRAM_NUM_REQS_10_TOTAL_count,             0
DRAM_NUM_REQS_10_TOTAL_total_count,             0

DRAM_NUM_REQS_11_TOTAL_count,             0
DRAM_NUM_REQS_11_TOTAL_total_count,             0

DRAM_NUM_REQS_12_TOTAL_count,             0
DRAM_NUM_REQS_12_TOTAL_total_count,             0

DRAM_NUM_REQS_13_TOTAL_count,             0
DRAM_NUM_REQS_13_TOTAL_total_count,             0

DRAM_NUM_REQS_14_TOTAL_count,             0
DRAM_NUM_REQS_14_TOTAL_total_count,             0

DRAM_NUM_REQS_15_TOTAL_count,             0
DRAM_NUM_REQS_15_TOTAL_total_count,             0

DRAM_NUM_REQS_16_TOTAL_count,             0
DRAM_NUM_REQS_16_TOTAL_total_count,             0

DRAM_NUM_REQS_17_TOTAL_count,             0
DRAM_NUM_REQS_17_TOTAL_total_count,             0

DRAM_NUM_REQS_18_TOTAL_count,             0
DRAM_NUM_REQS_18_TOTAL_total_count,             0

DRAM_NUM_REQS_19_TOTAL_count,             0
DRAM_NUM_REQS_19_TOTAL_total_count,             0

DRAM_NUM_REQS_20_TOTAL_count,             0
DRAM_NUM_REQS_20_TOTAL_total_count,             0

DRAM_NUM_REQS_21_TOTAL_count,             0
DRAM_NUM_REQS_21_TOTAL_total_count,             0

DRAM_NUM_REQS_22_TOTAL_count,             0
DRAM_NUM_REQS_22_TOTAL_total_count,             0

DRAM_NUM_REQS_23_TOTAL_count,             0
DRAM_NUM_REQS_23_TOTAL_total_count,             0

DRAM_NUM_REQS_24_TOTAL_count,             0
DRAM_NUM_REQS_24_TOTAL_total_count,             0

DRAM_NUM_REQS_25_TOTAL_count,             0
DRAM_NUM_REQS_25_TOTAL_total_count,             0

DRAM_NUM_REQS_26_TOTAL_count,             0
DRAM_NUM_REQS_26_TOTAL_total_count,             0

DRAM_NUM_REQS_27_TOTAL_count,             0
DRAM_NUM_REQS_27_TOTAL_total_count,             0

DRAM_NUM_REQS_28_TOTAL_count,             0
DRAM_NUM_REQS_28_TOTAL_total_count,             0

DRAM_NUM_REQS_29_TOTAL_count,             0
DRAM_NUM_REQS_29_TOTAL_total_count,             0

DRAM_NUM_REQS_30_TOTAL_count,             0
DRAM_NUM_REQS_30_TOTAL_total_count,             0

DRAM_NUM_REQS_31_TOTAL_count,             0
DRAM_NUM_REQS_31_TOTAL_total_count,             0

DRAM_NUM_REQS_32_TOTAL_count,             0
DRAM_NUM_REQS_32_TOTAL_total_count,             0

DRAM_NUM_REQS_0_IFETCH_count,             0
DRAM_NUM_REQS_0_IFETCH_pct,         -nan
DRAM_NUM_REQS_0_IFETCH_total_count,             0
DRAM_NUM_REQS_0_IFETCH_total_pct,         -nan

DRAM_NUM_REQS_0_DFETCH_count,             0
DRAM_NUM_REQS_0_DFETCH_pct,         -nan
DRAM_NUM_REQS_0_DFETCH_total_count,             0
DRAM_NUM_REQS_0_DFETCH_total_pct,         -nan

DRAM_NUM_REQS_0_DSTORE_count,             0
DRAM_NUM_REQS_0_DSTORE_pct,         -nan
DRAM_NUM_REQS_0_DSTORE_total_count,             0
DRAM_NUM_REQS_0_DSTORE_total_pct,         -nan

DRAM_NUM_REQS_0_IPRF_count,             0
DRAM_NUM_REQS_0_IPRF_pct,         -nan
DRAM_NUM_REQS_0_IPRF_total_count,             0
DRAM_NUM_REQS_0_IPRF_total_pct,         -nan

DRAM_NUM_REQS_0_DPRF_count,             0
DRAM_NUM_REQS_0_DPRF_pct,         -nan
DRAM_NUM_REQS_0_DPRF_total_count,             0
DRAM_NUM_REQS_0_DPRF_total_pct,         -nan

DRAM_NUM_REQS_0_WB_count,             0
DRAM_NUM_REQS_0_WB_pct,         -nan
DRAM_NUM_REQS_0_WB_total_count,             0
DRAM_NUM_REQS_0_WB_total_pct,         -nan

DRAM_NUM_REQS_0_WB_NODIRTY_count,             0
DRAM_NUM_REQS_0_WB_NODIRTY_pct,         -nan
DRAM_NUM_REQS_0_WB_NODIRTY_total_count,             0
DRAM_NUM_REQS_0_WB_NODIRTY_total_pct,         -nan

DRAM_NUM_REQS_1_IFETCH_count,             0
DRAM_NUM_REQS_1_IFETCH_pct,         -nan
DRAM_NUM_REQS_1_IFETCH_total_count,             0
DRAM_NUM_REQS_1_IFETCH_total_pct,         -nan

DRAM_NUM_REQS_1_DFETCH_count,             0
DRAM_NUM_REQS_1_DFETCH_pct,         -nan
DRAM_NUM_REQS_1_DFETCH_total_count,             0
DRAM_NUM_REQS_1_DFETCH_total_pct,         -nan

DRAM_NUM_REQS_1_DSTORE_count,             0
DRAM_NUM_REQS_1_DSTORE_pct,         -nan
DRAM_NUM_REQS_1_DSTORE_total_count,             0
DRAM_NUM_REQS_1_DSTORE_total_pct,         -nan

DRAM_NUM_REQS_1_IPRF_count,             0
DRAM_NUM_REQS_1_IPRF_pct,         -nan
DRAM_NUM_REQS_1_IPRF_total_count,             0
DRAM_NUM_REQS_1_IPRF_total_pct,         -nan

DRAM_NUM_REQS_1_DPRF_count,             0
DRAM_NUM_REQS_1_DPRF_pct,         -nan
DRAM_NUM_REQS_1_DPRF_total_count,             0
DRAM_NUM_REQS_1_DPRF_total_pct,         -nan

DRAM_NUM_REQS_1_WB_count,             0
DRAM_NUM_REQS_1_WB_pct,         -nan
DRAM_NUM_REQS_1_WB_total_count,             0
DRAM_NUM_REQS_1_WB_total_pct,         -nan

DRAM_NUM_REQS_1_WB_NODIRTY_count,             0
DRAM_NUM_REQS_1_WB_NODIRTY_pct,         -nan
DRAM_NUM_REQS_1_WB_NODIRTY_total_count,             0
DRAM_NUM_REQS_1_WB_NODIRTY_total_pct,         -nan

DRAM_NUM_REQS_2_IFETCH_count,             0
DRAM_NUM_REQS_2_IFETCH_pct,         -nan
DRAM_NUM_REQS_2_IFETCH_total_count,             0
DRAM_NUM_REQS_2_IFETCH_total_pct,         -nan

DRAM_NUM_REQS_2_DFETCH_count,             0
DRAM_NUM_REQS_2_DFETCH_pct,         -nan
DRAM_NUM_REQS_2_DFETCH_total_count,             0
DRAM_NUM_REQS_2_DFETCH_total_pct,         -nan

DRAM_NUM_REQS_2_DSTORE_count,             0
DRAM_NUM_REQS_2_DSTORE_pct,         -nan
DRAM_NUM_REQS_2_DSTORE_total_count,             0
DRAM_NUM_REQS_2_DSTORE_total_pct,         -nan

DRAM_NUM_REQS_2_IPRF_count,             0
DRAM_NUM_REQS_2_IPRF_pct,         -nan
DRAM_NUM_REQS_2_IPRF_total_count,             0
DRAM_NUM_REQS_2_IPRF_total_pct,         -nan

DRAM_NUM_REQS_2_DPRF_count,             0
DRAM_NUM_REQS_2_DPRF_pct,         -nan
DRAM_NUM_REQS_2_DPRF_total_count,             0
DRAM_NUM_REQS_2_DPRF_total_pct,         -nan

DRAM_NUM_REQS_2_WB_count,             0
DRAM_NUM_REQS_2_WB_pct,         -nan
DRAM_NUM_REQS_2_WB_total_count,             0
DRAM_NUM_REQS_2_WB_total_pct,         -nan

DRAM_NUM_REQS_2_WB_NODIRTY_count,             0
DRAM_NUM_REQS_2_WB_NODIRTY_pct,         -nan
DRAM_NUM_REQS_2_WB_NODIRTY_total_count,             0
DRAM_NUM_REQS_2_WB_NODIRTY_total_pct,         -nan

DRAM_NUM_REQS_3_IFETCH_count,             0
DRAM_NUM_REQS_3_IFETCH_pct,         -nan
DRAM_NUM_REQS_3_IFETCH_total_count,             0
DRAM_NUM_REQS_3_IFETCH_total_pct,         -nan

DRAM_NUM_REQS_3_DFETCH_count,             0
DRAM_NUM_REQS_3_DFETCH_pct,         -nan
DRAM_NUM_REQS_3_DFETCH_total_count,             0
DRAM_NUM_REQS_3_DFETCH_total_pct,         -nan

DRAM_NUM_REQS_3_DSTORE_count,             0
DRAM_NUM_REQS_3_DSTORE_pct,         -nan
DRAM_NUM_REQS_3_DSTORE_total_count,             0
DRAM_NUM_REQS_3_DSTORE_total_pct,         -nan

DRAM_NUM_REQS_3_IPRF_count,             0
DRAM_NUM_REQS_3_IPRF_pct,         -nan
DRAM_NUM_REQS_3_IPRF_total_count,             0
DRAM_NUM_REQS_3_IPRF_total_pct,         -nan

DRAM_NUM_REQS_3_DPRF_count,             0
DRAM_NUM_REQS_3_DPRF_pct,         -nan
DRAM_NUM_REQS_3_DPRF_total_count,             0
DRAM_NUM_REQS_3_DPRF_total_pct,         -nan

DRAM_NUM_REQS_3_WB_count,             0
DRAM_NUM_REQS_3_WB_pct,         -nan
DRAM_NUM_REQS_3_WB_total_count,             0
DRAM_NUM_REQS_3_WB_total_pct,         -nan

DRAM_NUM_REQS_3_WB_NODIRTY_count,             0
DRAM_NUM_REQS_3_WB_NODIRTY_pct,         -nan
DRAM_NUM_REQS_3_WB_NODIRTY_total_count,             0
DRAM_NUM_REQS_3_WB_NODIRTY_total_pct,         -nan

DRAM_NUM_REQS_4_IFETCH_count,             0
DRAM_NUM_REQS_4_IFETCH_pct,         -nan
DRAM_NUM_REQS_4_IFETCH_total_count,             0
DRAM_NUM_REQS_4_IFETCH_total_pct,         -nan

DRAM_NUM_REQS_4_DFETCH_count,             0
DRAM_NUM_REQS_4_DFETCH_pct,         -nan
DRAM_NUM_REQS_4_DFETCH_total_count,             0
DRAM_NUM_REQS_4_DFETCH_total_pct,         -nan

DRAM_NUM_REQS_4_DSTORE_count,             0
DRAM_NUM_REQS_4_DSTORE_pct,         -nan
DRAM_NUM_REQS_4_DSTORE_total_count,             0
DRAM_NUM_REQS_4_DSTORE_total_pct,         -nan

DRAM_NUM_REQS_4_IPRF_count,             0
DRAM_NUM_REQS_4_IPRF_pct,         -nan
DRAM_NUM_REQS_4_IPRF_total_count,             0
DRAM_NUM_REQS_4_IPRF_total_pct,         -nan

DRAM_NUM_REQS_4_DPRF_count,             0
DRAM_NUM_REQS_4_DPRF_pct,         -nan
DRAM_NUM_REQS_4_DPRF_total_count,             0
DRAM_NUM_REQS_4_DPRF_total_pct,         -nan

DRAM_NUM_REQS_4_WB_count,             0
DRAM_NUM_REQS_4_WB_pct,         -nan
DRAM_NUM_REQS_4_WB_total_count,             0
DRAM_NUM_REQS_4_WB_total_pct,         -nan

DRAM_NUM_REQS_4_WB_NODIRTY_count,             0
DRAM_NUM_REQS_4_WB_NODIRTY_pct,         -nan
DRAM_NUM_REQS_4_WB_NODIRTY_total_count,             0
DRAM_NUM_REQS_4_WB_NODIRTY_total_pct,         -nan

DRAM_NUM_REQS_5_IFETCH_count,             0
DRAM_NUM_REQS_5_IFETCH_pct,         -nan
DRAM_NUM_REQS_5_IFETCH_total_count,             0
DRAM_NUM_REQS_5_IFETCH_total_pct,         -nan

DRAM_NUM_REQS_5_DFETCH_count,             0
DRAM_NUM_REQS_5_DFETCH_pct,         -nan
DRAM_NUM_REQS_5_DFETCH_total_count,             0
DRAM_NUM_REQS_5_DFETCH_total_pct,         -nan

DRAM_NUM_REQS_5_DSTORE_count,             0
DRAM_NUM_REQS_5_DSTORE_pct,         -nan
DRAM_NUM_REQS_5_DSTORE_total_count,             0
DRAM_NUM_REQS_5_DSTORE_total_pct,         -nan

DRAM_NUM_REQS_5_IPRF_count,             0
DRAM_NUM_REQS_5_IPRF_pct,         -nan
DRAM_NUM_REQS_5_IPRF_total_count,             0
DRAM_NUM_REQS_5_IPRF_total_pct,         -nan

DRAM_NUM_REQS_5_DPRF_count,             0
DRAM_NUM_REQS_5_DPRF_pct,         -nan
DRAM_NUM_REQS_5_DPRF_total_count,             0
DRAM_NUM_REQS_5_DPRF_total_pct,         -nan

DRAM_NUM_REQS_5_WB_count,             0
DRAM_NUM_REQS_5_WB_pct,         -nan
DRAM_NUM_REQS_5_WB_total_count,             0
DRAM_NUM_REQS_5_WB_total_pct,         -nan

DRAM_NUM_REQS_5_WB_NODIRTY_count,             0
DRAM_NUM_REQS_5_WB_NODIRTY_pct,         -nan
DRAM_NUM_REQS_5_WB_NODIRTY_total_count,             0
DRAM_NUM_REQS_5_WB_NODIRTY_total_pct,         -nan

DRAM_NUM_REQS_6_IFETCH_count,             0
DRAM_NUM_REQS_6_IFETCH_pct,         -nan
DRAM_NUM_REQS_6_IFETCH_total_count,             0
DRAM_NUM_REQS_6_IFETCH_total_pct,         -nan

DRAM_NUM_REQS_6_DFETCH_count,             0
DRAM_NUM_REQS_6_DFETCH_pct,         -nan
DRAM_NUM_REQS_6_DFETCH_total_count,             0
DRAM_NUM_REQS_6_DFETCH_total_pct,         -nan

DRAM_NUM_REQS_6_DSTORE_count,             0
DRAM_NUM_REQS_6_DSTORE_pct,         -nan
DRAM_NUM_REQS_6_DSTORE_total_count,             0
DRAM_NUM_REQS_6_DSTORE_total_pct,         -nan

DRAM_NUM_REQS_6_IPRF_count,             0
DRAM_NUM_REQS_6_IPRF_pct,         -nan
DRAM_NUM_REQS_6_IPRF_total_count,             0
DRAM_NUM_REQS_6_IPRF_total_pct,         -nan

DRAM_NUM_REQS_6_DPRF_count,             0
DRAM_NUM_REQS_6_DPRF_pct,         -nan
DRAM_NUM_REQS_6_DPRF_total_count,             0
DRAM_NUM_REQS_6_DPRF_total_pct,         -nan

DRAM_NUM_REQS_6_WB_count,             0
DRAM_NUM_REQS_6_WB_pct,         -nan
DRAM_NUM_REQS_6_WB_total_count,             0
DRAM_NUM_REQS_6_WB_total_pct,         -nan

DRAM_NUM_REQS_6_WB_NODIRTY_count,             0
DRAM_NUM_REQS_6_WB_NODIRTY_pct,         -nan
DRAM_NUM_REQS_6_WB_NODIRTY_total_count,             0
DRAM_NUM_REQS_6_WB_NODIRTY_total_pct,         -nan

DRAM_NUM_REQS_7_IFETCH_count,             0
DRAM_NUM_REQS_7_IFETCH_pct,         -nan
DRAM_NUM_REQS_7_IFETCH_total_count,             0
DRAM_NUM_REQS_7_IFETCH_total_pct,         -nan

DRAM_NUM_REQS_7_DFETCH_count,             0
DRAM_NUM_REQS_7_DFETCH_pct,         -nan
DRAM_NUM_REQS_7_DFETCH_total_count,             0
DRAM_NUM_REQS_7_DFETCH_total_pct,         -nan

DRAM_NUM_REQS_7_DSTORE_count,             0
DRAM_NUM_REQS_7_DSTORE_pct,         -nan
DRAM_NUM_REQS_7_DSTORE_total_count,             0
DRAM_NUM_REQS_7_DSTORE_total_pct,         -nan

DRAM_NUM_REQS_7_IPRF_count,             0
DRAM_NUM_REQS_7_IPRF_pct,         -nan
DRAM_NUM_REQS_7_IPRF_total_count,             0
DRAM_NUM_REQS_7_IPRF_total_pct,         -nan

DRAM_NUM_REQS_7_DPRF_count,             0
DRAM_NUM_REQS_7_DPRF_pct,         -nan
DRAM_NUM_REQS_7_DPRF_total_count,             0
DRAM_NUM_REQS_7_DPRF_total_pct,         -nan

DRAM_NUM_REQS_7_WB_count,             0
DRAM_NUM_REQS_7_WB_pct,         -nan
DRAM_NUM_REQS_7_WB_total_count,             0
DRAM_NUM_REQS_7_WB_total_pct,         -nan

DRAM_NUM_REQS_7_WB_NODIRTY_count,             0
DRAM_NUM_REQS_7_WB_NODIRTY_pct,         -nan
DRAM_NUM_REQS_7_WB_NODIRTY_total_count,             0
DRAM_NUM_REQS_7_WB_NODIRTY_total_pct,         -nan

DRAM_NUM_REQS_8_IFETCH_count,             0
DRAM_NUM_REQS_8_IFETCH_pct,         -nan
DRAM_NUM_REQS_8_IFETCH_total_count,             0
DRAM_NUM_REQS_8_IFETCH_total_pct,         -nan

DRAM_NUM_REQS_8_DFETCH_count,             0
DRAM_NUM_REQS_8_DFETCH_pct,         -nan
DRAM_NUM_REQS_8_DFETCH_total_count,             0
DRAM_NUM_REQS_8_DFETCH_total_pct,         -nan

DRAM_NUM_REQS_8_DSTORE_count,             0
DRAM_NUM_REQS_8_DSTORE_pct,         -nan
DRAM_NUM_REQS_8_DSTORE_total_count,             0
DRAM_NUM_REQS_8_DSTORE_total_pct,         -nan

DRAM_NUM_REQS_8_IPRF_count,             0
DRAM_NUM_REQS_8_IPRF_pct,         -nan
DRAM_NUM_REQS_8_IPRF_total_count,             0
DRAM_NUM_REQS_8_IPRF_total_pct,         -nan

DRAM_NUM_REQS_8_DPRF_count,             0
DRAM_NUM_REQS_8_DPRF_pct,         -nan
DRAM_NUM_REQS_8_DPRF_total_count,             0
DRAM_NUM_REQS_8_DPRF_total_pct,         -nan

DRAM_NUM_REQS_8_WB_count,             0
DRAM_NUM_REQS_8_WB_pct,         -nan
DRAM_NUM_REQS_8_WB_total_count,             0
DRAM_NUM_REQS_8_WB_total_pct,         -nan

DRAM_NUM_REQS_8_WB_NODIRTY_count,             0
DRAM_NUM_REQS_8_WB_NODIRTY_pct,         -nan
DRAM_NUM_REQS_8_WB_NODIRTY_total_count,             0
DRAM_NUM_REQS_8_WB_NODIRTY_total_pct,         -nan

DRAM_NUM_REQS_9_IFETCH_count,             0
DRAM_NUM_REQS_9_IFETCH_pct,         -nan
DRAM_NUM_REQS_9_IFETCH_total_count,             0
DRAM_NUM_REQS_9_IFETCH_total_pct,         -nan

DRAM_NUM_REQS_9_DFETCH_count,             0
DRAM_NUM_REQS_9_DFETCH_pct,         -nan
DRAM_NUM_REQS_9_DFETCH_total_count,             0
DRAM_NUM_REQS_9_DFETCH_total_pct,         -nan

DRAM_NUM_REQS_9_DSTORE_count,             0
DRAM_NUM_REQS_9_DSTORE_pct,         -nan
DRAM_NUM_REQS_9_DSTORE_total_count,             0
DRAM_NUM_REQS_9_DSTORE_total_pct,         -nan

DRAM_NUM_REQS_9_IPRF_count,             0
DRAM_NUM_REQS_9_IPRF_pct,         -nan
DRAM_NUM_REQS_9_IPRF_total_count,             0
DRAM_NUM_REQS_9_IPRF_total_pct,         -nan

DRAM_NUM_REQS_9_DPRF_count,             0
DRAM_NUM_REQS_9_DPRF_pct,         -nan
DRAM_NUM_REQS_9_DPRF_total_count,             0
DRAM_NUM_REQS_9_DPRF_total_pct,         -nan

DRAM_NUM_REQS_9_WB_count,             0
DRAM_NUM_REQS_9_WB_pct,         -nan
DRAM_NUM_REQS_9_WB_total_count,             0
DRAM_NUM_REQS_9_WB_total_pct,         -nan

DRAM_NUM_REQS_9_WB_NODIRTY_count,             0
DRAM_NUM_REQS_9_WB_NODIRTY_pct,         -nan
DRAM_NUM_REQS_9_WB_NODIRTY_total_count,             0
DRAM_NUM_REQS_9_WB_NODIRTY_total_pct,         -nan

DRAM_NUM_REQS_10_IFETCH_count,             0
DRAM_NUM_REQS_10_IFETCH_pct,         -nan
DRAM_NUM_REQS_10_IFETCH_total_count,             0
DRAM_NUM_REQS_10_IFETCH_total_pct,         -nan

DRAM_NUM_REQS_10_DFETCH_count,             0
DRAM_NUM_REQS_10_DFETCH_pct,         -nan
DRAM_NUM_REQS_10_DFETCH_total_count,             0
DRAM_NUM_REQS_10_DFETCH_total_pct,         -nan

DRAM_NUM_REQS_10_DSTORE_count,             0
DRAM_NUM_REQS_10_DSTORE_pct,         -nan
DRAM_NUM_REQS_10_DSTORE_total_count,             0
DRAM_NUM_REQS_10_DSTORE_total_pct,         -nan

DRAM_NUM_REQS_10_IPRF_count,             0
DRAM_NUM_REQS_10_IPRF_pct,         -nan
DRAM_NUM_REQS_10_IPRF_total_count,             0
DRAM_NUM_REQS_10_IPRF_total_pct,         -nan

DRAM_NUM_REQS_10_DPRF_count,             0
DRAM_NUM_REQS_10_DPRF_pct,         -nan
DRAM_NUM_REQS_10_DPRF_total_count,             0
DRAM_NUM_REQS_10_DPRF_total_pct,         -nan

DRAM_NUM_REQS_10_WB_count,             0
DRAM_NUM_REQS_10_WB_pct,         -nan
DRAM_NUM_REQS_10_WB_total_count,             0
DRAM_NUM_REQS_10_WB_total_pct,         -nan

DRAM_NUM_REQS_10_WB_NODIRTY_count,             0
DRAM_NUM_REQS_10_WB_NODIRTY_pct,         -nan
DRAM_NUM_REQS_10_WB_NODIRTY_total_count,             0
DRAM_NUM_REQS_10_WB_NODIRTY_total_pct,         -nan

DRAM_NUM_REQS_11_IFETCH_count,             0
DRAM_NUM_REQS_11_IFETCH_pct,         -nan
DRAM_NUM_REQS_11_IFETCH_total_count,             0
DRAM_NUM_REQS_11_IFETCH_total_pct,         -nan

DRAM_NUM_REQS_11_DFETCH_count,             0
DRAM_NUM_REQS_11_DFETCH_pct,         -nan
DRAM_NUM_REQS_11_DFETCH_total_count,             0
DRAM_NUM_REQS_11_DFETCH_total_pct,         -nan

DRAM_NUM_REQS_11_DSTORE_count,             0
DRAM_NUM_REQS_11_DSTORE_pct,         -nan
DRAM_NUM_REQS_11_DSTORE_total_count,             0
DRAM_NUM_REQS_11_DSTORE_total_pct,         -nan

DRAM_NUM_REQS_11_IPRF_count,             0
DRAM_NUM_REQS_11_IPRF_pct,         -nan
DRAM_NUM_REQS_11_IPRF_total_count,             0
DRAM_NUM_REQS_11_IPRF_total_pct,         -nan

DRAM_NUM_REQS_11_DPRF_count,             0
DRAM_NUM_REQS_11_DPRF_pct,         -nan
DRAM_NUM_REQS_11_DPRF_total_count,             0
DRAM_NUM_REQS_11_DPRF_total_pct,         -nan

DRAM_NUM_REQS_11_WB_count,             0
DRAM_NUM_REQS_11_WB_pct,         -nan
DRAM_NUM_REQS_11_WB_total_count,             0
DRAM_NUM_REQS_11_WB_total_pct,         -nan

DRAM_NUM_REQS_11_WB_NODIRTY_count,             0
DRAM_NUM_REQS_11_WB_NODIRTY_pct,         -nan
DRAM_NUM_REQS_11_WB_NODIRTY_total_count,             0
DRAM_NUM_REQS_11_WB_NODIRTY_total_pct,         -nan

DRAM_NUM_REQS_12_IFETCH_count,             0
DRAM_NUM_REQS_12_IFETCH_pct,         -nan
DRAM_NUM_REQS_12_IFETCH_total_count,             0
DRAM_NUM_REQS_12_IFETCH_total_pct,         -nan

DRAM_NUM_REQS_12_DFETCH_count,             0
DRAM_NUM_REQS_12_DFETCH_pct,         -nan
DRAM_NUM_REQS_12_DFETCH_total_count,             0
DRAM_NUM_REQS_12_DFETCH_total_pct,         -nan

DRAM_NUM_REQS_12_DSTORE_count,             0
DRAM_NUM_REQS_12_DSTORE_pct,         -nan
DRAM_NUM_REQS_12_DSTORE_total_count,             0
DRAM_NUM_REQS_12_DSTORE_total_pct,         -nan

DRAM_NUM_REQS_12_IPRF_count,             0
DRAM_NUM_REQS_12_IPRF_pct,         -nan
DRAM_NUM_REQS_12_IPRF_total_count,             0
DRAM_NUM_REQS_12_IPRF_total_pct,         -nan

DRAM_NUM_REQS_12_DPRF_count,             0
DRAM_NUM_REQS_12_DPRF_pct,         -nan
DRAM_NUM_REQS_12_DPRF_total_count,             0
DRAM_NUM_REQS_12_DPRF_total_pct,         -nan

DRAM_NUM_REQS_12_WB_count,             0
DRAM_NUM_REQS_12_WB_pct,         -nan
DRAM_NUM_REQS_12_WB_total_count,             0
DRAM_NUM_REQS_12_WB_total_pct,         -nan

DRAM_NUM_REQS_12_WB_NODIRTY_count,             0
DRAM_NUM_REQS_12_WB_NODIRTY_pct,         -nan
DRAM_NUM_REQS_12_WB_NODIRTY_total_count,             0
DRAM_NUM_REQS_12_WB_NODIRTY_total_pct,         -nan

DRAM_NUM_REQS_13_IFETCH_count,             0
DRAM_NUM_REQS_13_IFETCH_pct,         -nan
DRAM_NUM_REQS_13_IFETCH_total_count,             0
DRAM_NUM_REQS_13_IFETCH_total_pct,         -nan

DRAM_NUM_REQS_13_DFETCH_count,             0
DRAM_NUM_REQS_13_DFETCH_pct,         -nan
DRAM_NUM_REQS_13_DFETCH_total_count,             0
DRAM_NUM_REQS_13_DFETCH_total_pct,         -nan

DRAM_NUM_REQS_13_DSTORE_count,             0
DRAM_NUM_REQS_13_DSTORE_pct,         -nan
DRAM_NUM_REQS_13_DSTORE_total_count,             0
DRAM_NUM_REQS_13_DSTORE_total_pct,         -nan

DRAM_NUM_REQS_13_IPRF_count,             0
DRAM_NUM_REQS_13_IPRF_pct,         -nan
DRAM_NUM_REQS_13_IPRF_total_count,             0
DRAM_NUM_REQS_13_IPRF_total_pct,         -nan

DRAM_NUM_REQS_13_DPRF_count,             0
DRAM_NUM_REQS_13_DPRF_pct,         -nan
DRAM_NUM_REQS_13_DPRF_total_count,             0
DRAM_NUM_REQS_13_DPRF_total_pct,         -nan

DRAM_NUM_REQS_13_WB_count,             0
DRAM_NUM_REQS_13_WB_pct,         -nan
DRAM_NUM_REQS_13_WB_total_count,             0
DRAM_NUM_REQS_13_WB_total_pct,         -nan

DRAM_NUM_REQS_13_WB_NODIRTY_count,             0
DRAM_NUM_REQS_13_WB_NODIRTY_pct,         -nan
DRAM_NUM_REQS_13_WB_NODIRTY_total_count,             0
DRAM_NUM_REQS_13_WB_NODIRTY_total_pct,         -nan

DRAM_NUM_REQS_14_IFETCH_count,             0
DRAM_NUM_REQS_14_IFETCH_pct,         -nan
DRAM_NUM_REQS_14_IFETCH_total_count,             0
DRAM_NUM_REQS_14_IFETCH_total_pct,         -nan

DRAM_NUM_REQS_14_DFETCH_count,             0
DRAM_NUM_REQS_14_DFETCH_pct,         -nan
DRAM_NUM_REQS_14_DFETCH_total_count,             0
DRAM_NUM_REQS_14_DFETCH_total_pct,         -nan

DRAM_NUM_REQS_14_DSTORE_count,             0
DRAM_NUM_REQS_14_DSTORE_pct,         -nan
DRAM_NUM_REQS_14_DSTORE_total_count,             0
DRAM_NUM_REQS_14_DSTORE_total_pct,         -nan

DRAM_NUM_REQS_14_IPRF_count,             0
DRAM_NUM_REQS_14_IPRF_pct,         -nan
DRAM_NUM_REQS_14_IPRF_total_count,             0
DRAM_NUM_REQS_14_IPRF_total_pct,         -nan

DRAM_NUM_REQS_14_DPRF_count,             0
DRAM_NUM_REQS_14_DPRF_pct,         -nan
DRAM_NUM_REQS_14_DPRF_total_count,             0
DRAM_NUM_REQS_14_DPRF_total_pct,         -nan

DRAM_NUM_REQS_14_WB_count,             0
DRAM_NUM_REQS_14_WB_pct,         -nan
DRAM_NUM_REQS_14_WB_total_count,             0
DRAM_NUM_REQS_14_WB_total_pct,         -nan

DRAM_NUM_REQS_14_WB_NODIRTY_count,             0
DRAM_NUM_REQS_14_WB_NODIRTY_pct,         -nan
DRAM_NUM_REQS_14_WB_NODIRTY_total_count,             0
DRAM_NUM_REQS_14_WB_NODIRTY_total_pct,         -nan

DRAM_NUM_REQS_15_IFETCH_count,             0
DRAM_NUM_REQS_15_IFETCH_pct,         -nan
DRAM_NUM_REQS_15_IFETCH_total_count,             0
DRAM_NUM_REQS_15_IFETCH_total_pct,         -nan

DRAM_NUM_REQS_15_DFETCH_count,             0
DRAM_NUM_REQS_15_DFETCH_pct,         -nan
DRAM_NUM_REQS_15_DFETCH_total_count,             0
DRAM_NUM_REQS_15_DFETCH_total_pct,         -nan

DRAM_NUM_REQS_15_DSTORE_count,             0
DRAM_NUM_REQS_15_DSTORE_pct,         -nan
DRAM_NUM_REQS_15_DSTORE_total_count,             0
DRAM_NUM_REQS_15_DSTORE_total_pct,         -nan

DRAM_NUM_REQS_15_IPRF_count,             0
DRAM_NUM_REQS_15_IPRF_pct,         -nan
DRAM_NUM_REQS_15_IPRF_total_count,             0
DRAM_NUM_REQS_15_IPRF_total_pct,         -nan

DRAM_NUM_REQS_15_DPRF_count,             0
DRAM_NUM_REQS_15_DPRF_pct,         -nan
DRAM_NUM_REQS_15_DPRF_total_count,             0
DRAM_NUM_REQS_15_DPRF_total_pct,         -nan

DRAM_NUM_REQS_15_WB_count,             0
DRAM_NUM_REQS_15_WB_pct,         -nan
DRAM_NUM_REQS_15_WB_total_count,             0
DRAM_NUM_REQS_15_WB_total_pct,         -nan

DRAM_NUM_REQS_15_WB_NODIRTY_count,             0
DRAM_NUM_REQS_15_WB_NODIRTY_pct,         -nan
DRAM_NUM_REQS_15_WB_NODIRTY_total_count,             0
DRAM_NUM_REQS_15_WB_NODIRTY_total_pct,         -nan

DRAM_NUM_REQS_16_IFETCH_count,             0
DRAM_NUM_REQS_16_IFETCH_pct,         -nan
DRAM_NUM_REQS_16_IFETCH_total_count,             0
DRAM_NUM_REQS_16_IFETCH_total_pct,         -nan

DRAM_NUM_REQS_16_DFETCH_count,             0
DRAM_NUM_REQS_16_DFETCH_pct,         -nan
DRAM_NUM_REQS_16_DFETCH_total_count,             0
DRAM_NUM_REQS_16_DFETCH_total_pct,         -nan

DRAM_NUM_REQS_16_DSTORE_count,             0
DRAM_NUM_REQS_16_DSTORE_pct,         -nan
DRAM_NUM_REQS_16_DSTORE_total_count,             0
DRAM_NUM_REQS_16_DSTORE_total_pct,         -nan

DRAM_NUM_REQS_16_IPRF_count,             0
DRAM_NUM_REQS_16_IPRF_pct,         -nan
DRAM_NUM_REQS_16_IPRF_total_count,             0
DRAM_NUM_REQS_16_IPRF_total_pct,         -nan

DRAM_NUM_REQS_16_DPRF_count,             0
DRAM_NUM_REQS_16_DPRF_pct,         -nan
DRAM_NUM_REQS_16_DPRF_total_count,             0
DRAM_NUM_REQS_16_DPRF_total_pct,         -nan

DRAM_NUM_REQS_16_WB_count,             0
DRAM_NUM_REQS_16_WB_pct,         -nan
DRAM_NUM_REQS_16_WB_total_count,             0
DRAM_NUM_REQS_16_WB_total_pct,         -nan

DRAM_NUM_REQS_16_WB_NODIRTY_count,             0
DRAM_NUM_REQS_16_WB_NODIRTY_pct,         -nan
DRAM_NUM_REQS_16_WB_NODIRTY_total_count,             0
DRAM_NUM_REQS_16_WB_NODIRTY_total_pct,         -nan

DRAM_NUM_REQS_17_IFETCH_count,             0
DRAM_NUM_REQS_17_IFETCH_pct,         -nan
DRAM_NUM_REQS_17_IFETCH_total_count,             0
DRAM_NUM_REQS_17_IFETCH_total_pct,         -nan

DRAM_NUM_REQS_17_DFETCH_count,             0
DRAM_NUM_REQS_17_DFETCH_pct,         -nan
DRAM_NUM_REQS_17_DFETCH_total_count,             0
DRAM_NUM_REQS_17_DFETCH_total_pct,         -nan

DRAM_NUM_REQS_17_DSTORE_count,             0
DRAM_NUM_REQS_17_DSTORE_pct,         -nan
DRAM_NUM_REQS_17_DSTORE_total_count,             0
DRAM_NUM_REQS_17_DSTORE_total_pct,         -nan

DRAM_NUM_REQS_17_IPRF_count,             0
DRAM_NUM_REQS_17_IPRF_pct,         -nan
DRAM_NUM_REQS_17_IPRF_total_count,             0
DRAM_NUM_REQS_17_IPRF_total_pct,         -nan

DRAM_NUM_REQS_17_DPRF_count,             0
DRAM_NUM_REQS_17_DPRF_pct,         -nan
DRAM_NUM_REQS_17_DPRF_total_count,             0
DRAM_NUM_REQS_17_DPRF_total_pct,         -nan

DRAM_NUM_REQS_17_WB_count,             0
DRAM_NUM_REQS_17_WB_pct,         -nan
DRAM_NUM_REQS_17_WB_total_count,             0
DRAM_NUM_REQS_17_WB_total_pct,         -nan

DRAM_NUM_REQS_17_WB_NODIRTY_count,             0
DRAM_NUM_REQS_17_WB_NODIRTY_pct,         -nan
DRAM_NUM_REQS_17_WB_NODIRTY_total_count,             0
DRAM_NUM_REQS_17_WB_NODIRTY_total_pct,         -nan

DRAM_NUM_REQS_18_IFETCH_count,             0
DRAM_NUM_REQS_18_IFETCH_pct,         -nan
DRAM_NUM_REQS_18_IFETCH_total_count,             0
DRAM_NUM_REQS_18_IFETCH_total_pct,         -nan

DRAM_NUM_REQS_18_DFETCH_count,             0
DRAM_NUM_REQS_18_DFETCH_pct,         -nan
DRAM_NUM_REQS_18_DFETCH_total_count,             0
DRAM_NUM_REQS_18_DFETCH_total_pct,         -nan

DRAM_NUM_REQS_18_DSTORE_count,             0
DRAM_NUM_REQS_18_DSTORE_pct,         -nan
DRAM_NUM_REQS_18_DSTORE_total_count,             0
DRAM_NUM_REQS_18_DSTORE_total_pct,         -nan

DRAM_NUM_REQS_18_IPRF_count,             0
DRAM_NUM_REQS_18_IPRF_pct,         -nan
DRAM_NUM_REQS_18_IPRF_total_count,             0
DRAM_NUM_REQS_18_IPRF_total_pct,         -nan

DRAM_NUM_REQS_18_DPRF_count,             0
DRAM_NUM_REQS_18_DPRF_pct,         -nan
DRAM_NUM_REQS_18_DPRF_total_count,             0
DRAM_NUM_REQS_18_DPRF_total_pct,         -nan

DRAM_NUM_REQS_18_WB_count,             0
DRAM_NUM_REQS_18_WB_pct,         -nan
DRAM_NUM_REQS_18_WB_total_count,             0
DRAM_NUM_REQS_18_WB_total_pct,         -nan

DRAM_NUM_REQS_18_WB_NODIRTY_count,             0
DRAM_NUM_REQS_18_WB_NODIRTY_pct,         -nan
DRAM_NUM_REQS_18_WB_NODIRTY_total_count,             0
DRAM_NUM_REQS_18_WB_NODIRTY_total_pct,         -nan

DRAM_NUM_REQS_19_IFETCH_count,             0
DRAM_NUM_REQS_19_IFETCH_pct,         -nan
DRAM_NUM_REQS_19_IFETCH_total_count,             0
DRAM_NUM_REQS_19_IFETCH_total_pct,         -nan

DRAM_NUM_REQS_19_DFETCH_count,             0
DRAM_NUM_REQS_19_DFETCH_pct,         -nan
DRAM_NUM_REQS_19_DFETCH_total_count,             0
DRAM_NUM_REQS_19_DFETCH_total_pct,         -nan

DRAM_NUM_REQS_19_DSTORE_count,             0
DRAM_NUM_REQS_19_DSTORE_pct,         -nan
DRAM_NUM_REQS_19_DSTORE_total_count,             0
DRAM_NUM_REQS_19_DSTORE_total_pct,         -nan

DRAM_NUM_REQS_19_IPRF_count,             0
DRAM_NUM_REQS_19_IPRF_pct,         -nan
DRAM_NUM_REQS_19_IPRF_total_count,             0
DRAM_NUM_REQS_19_IPRF_total_pct,         -nan

DRAM_NUM_REQS_19_DPRF_count,             0
DRAM_NUM_REQS_19_DPRF_pct,         -nan
DRAM_NUM_REQS_19_DPRF_total_count,             0
DRAM_NUM_REQS_19_DPRF_total_pct,         -nan

DRAM_NUM_REQS_19_WB_count,             0
DRAM_NUM_REQS_19_WB_pct,         -nan
DRAM_NUM_REQS_19_WB_total_count,             0
DRAM_NUM_REQS_19_WB_total_pct,         -nan

DRAM_NUM_REQS_19_WB_NODIRTY_count,             0
DRAM_NUM_REQS_19_WB_NODIRTY_pct,         -nan
DRAM_NUM_REQS_19_WB_NODIRTY_total_count,             0
DRAM_NUM_REQS_19_WB_NODIRTY_total_pct,         -nan

DRAM_NUM_REQS_20_IFETCH_count,             0
DRAM_NUM_REQS_20_IFETCH_pct,         -nan
DRAM_NUM_REQS_20_IFETCH_total_count,             0
DRAM_NUM_REQS_20_IFETCH_total_pct,         -nan

DRAM_NUM_REQS_20_DFETCH_count,             0
DRAM_NUM_REQS_20_DFETCH_pct,         -nan
DRAM_NUM_REQS_20_DFETCH_total_count,             0
DRAM_NUM_REQS_20_DFETCH_total_pct,         -nan

DRAM_NUM_REQS_20_DSTORE_count,             0
DRAM_NUM_REQS_20_DSTORE_pct,         -nan
DRAM_NUM_REQS_20_DSTORE_total_count,             0
DRAM_NUM_REQS_20_DSTORE_total_pct,         -nan

DRAM_NUM_REQS_20_IPRF_count,             0
DRAM_NUM_REQS_20_IPRF_pct,         -nan
DRAM_NUM_REQS_20_IPRF_total_count,             0
DRAM_NUM_REQS_20_IPRF_total_pct,         -nan

DRAM_NUM_REQS_20_DPRF_count,             0
DRAM_NUM_REQS_20_DPRF_pct,         -nan
DRAM_NUM_REQS_20_DPRF_total_count,             0
DRAM_NUM_REQS_20_DPRF_total_pct,         -nan

DRAM_NUM_REQS_20_WB_count,             0
DRAM_NUM_REQS_20_WB_pct,         -nan
DRAM_NUM_REQS_20_WB_total_count,             0
DRAM_NUM_REQS_20_WB_total_pct,         -nan

DRAM_NUM_REQS_20_WB_NODIRTY_count,             0
DRAM_NUM_REQS_20_WB_NODIRTY_pct,         -nan
DRAM_NUM_REQS_20_WB_NODIRTY_total_count,             0
DRAM_NUM_REQS_20_WB_NODIRTY_total_pct,         -nan

DRAM_NUM_REQS_21_IFETCH_count,             0
DRAM_NUM_REQS_21_IFETCH_pct,         -nan
DRAM_NUM_REQS_21_IFETCH_total_count,             0
DRAM_NUM_REQS_21_IFETCH_total_pct,         -nan

DRAM_NUM_REQS_21_DFETCH_count,             0
DRAM_NUM_REQS_21_DFETCH_pct,         -nan
DRAM_NUM_REQS_21_DFETCH_total_count,             0
DRAM_NUM_REQS_21_DFETCH_total_pct,         -nan

DRAM_NUM_REQS_21_DSTORE_count,             0
DRAM_NUM_REQS_21_DSTORE_pct,         -nan
DRAM_NUM_REQS_21_DSTORE_total_count,             0
DRAM_NUM_REQS_21_DSTORE_total_pct,         -nan

DRAM_NUM_REQS_21_IPRF_count,             0
DRAM_NUM_REQS_21_IPRF_pct,         -nan
DRAM_NUM_REQS_21_IPRF_total_count,             0
DRAM_NUM_REQS_21_IPRF_total_pct,         -nan

DRAM_NUM_REQS_21_DPRF_count,             0
DRAM_NUM_REQS_21_DPRF_pct,         -nan
DRAM_NUM_REQS_21_DPRF_total_count,             0
DRAM_NUM_REQS_21_DPRF_total_pct,         -nan

DRAM_NUM_REQS_21_WB_count,             0
DRAM_NUM_REQS_21_WB_pct,         -nan
DRAM_NUM_REQS_21_WB_total_count,             0
DRAM_NUM_REQS_21_WB_total_pct,         -nan

DRAM_NUM_REQS_21_WB_NODIRTY_count,             0
DRAM_NUM_REQS_21_WB_NODIRTY_pct,         -nan
DRAM_NUM_REQS_21_WB_NODIRTY_total_count,             0
DRAM_NUM_REQS_21_WB_NODIRTY_total_pct,         -nan

DRAM_NUM_REQS_22_IFETCH_count,             0
DRAM_NUM_REQS_22_IFETCH_pct,         -nan
DRAM_NUM_REQS_22_IFETCH_total_count,             0
DRAM_NUM_REQS_22_IFETCH_total_pct,         -nan

DRAM_NUM_REQS_22_DFETCH_count,             0
DRAM_NUM_REQS_22_DFETCH_pct,         -nan
DRAM_NUM_REQS_22_DFETCH_total_count,             0
DRAM_NUM_REQS_22_DFETCH_total_pct,         -nan

DRAM_NUM_REQS_22_DSTORE_count,             0
DRAM_NUM_REQS_22_DSTORE_pct,         -nan
DRAM_NUM_REQS_22_DSTORE_total_count,             0
DRAM_NUM_REQS_22_DSTORE_total_pct,         -nan

DRAM_NUM_REQS_22_IPRF_count,             0
DRAM_NUM_REQS_22_IPRF_pct,         -nan
DRAM_NUM_REQS_22_IPRF_total_count,             0
DRAM_NUM_REQS_22_IPRF_total_pct,         -nan

DRAM_NUM_REQS_22_DPRF_count,             0
DRAM_NUM_REQS_22_DPRF_pct,         -nan
DRAM_NUM_REQS_22_DPRF_total_count,             0
DRAM_NUM_REQS_22_DPRF_total_pct,         -nan

DRAM_NUM_REQS_22_WB_count,             0
DRAM_NUM_REQS_22_WB_pct,         -nan
DRAM_NUM_REQS_22_WB_total_count,             0
DRAM_NUM_REQS_22_WB_total_pct,         -nan

DRAM_NUM_REQS_22_WB_NODIRTY_count,             0
DRAM_NUM_REQS_22_WB_NODIRTY_pct,         -nan
DRAM_NUM_REQS_22_WB_NODIRTY_total_count,             0
DRAM_NUM_REQS_22_WB_NODIRTY_total_pct,         -nan

DRAM_NUM_REQS_23_IFETCH_count,             0
DRAM_NUM_REQS_23_IFETCH_pct,         -nan
DRAM_NUM_REQS_23_IFETCH_total_count,             0
DRAM_NUM_REQS_23_IFETCH_total_pct,         -nan

DRAM_NUM_REQS_23_DFETCH_count,             0
DRAM_NUM_REQS_23_DFETCH_pct,         -nan
DRAM_NUM_REQS_23_DFETCH_total_count,             0
DRAM_NUM_REQS_23_DFETCH_total_pct,         -nan

DRAM_NUM_REQS_23_DSTORE_count,             0
DRAM_NUM_REQS_23_DSTORE_pct,         -nan
DRAM_NUM_REQS_23_DSTORE_total_count,             0
DRAM_NUM_REQS_23_DSTORE_total_pct,         -nan

DRAM_NUM_REQS_23_IPRF_count,             0
DRAM_NUM_REQS_23_IPRF_pct,         -nan
DRAM_NUM_REQS_23_IPRF_total_count,             0
DRAM_NUM_REQS_23_IPRF_total_pct,         -nan

DRAM_NUM_REQS_23_DPRF_count,             0
DRAM_NUM_REQS_23_DPRF_pct,         -nan
DRAM_NUM_REQS_23_DPRF_total_count,             0
DRAM_NUM_REQS_23_DPRF_total_pct,         -nan

DRAM_NUM_REQS_23_WB_count,             0
DRAM_NUM_REQS_23_WB_pct,         -nan
DRAM_NUM_REQS_23_WB_total_count,             0
DRAM_NUM_REQS_23_WB_total_pct,         -nan

DRAM_NUM_REQS_23_WB_NODIRTY_count,             0
DRAM_NUM_REQS_23_WB_NODIRTY_pct,         -nan
DRAM_NUM_REQS_23_WB_NODIRTY_total_count,             0
DRAM_NUM_REQS_23_WB_NODIRTY_total_pct,         -nan

DRAM_NUM_REQS_24_IFETCH_count,             0
DRAM_NUM_REQS_24_IFETCH_pct,         -nan
DRAM_NUM_REQS_24_IFETCH_total_count,             0
DRAM_NUM_REQS_24_IFETCH_total_pct,         -nan

DRAM_NUM_REQS_24_DFETCH_count,             0
DRAM_NUM_REQS_24_DFETCH_pct,         -nan
DRAM_NUM_REQS_24_DFETCH_total_count,             0
DRAM_NUM_REQS_24_DFETCH_total_pct,         -nan

DRAM_NUM_REQS_24_DSTORE_count,             0
DRAM_NUM_REQS_24_DSTORE_pct,         -nan
DRAM_NUM_REQS_24_DSTORE_total_count,             0
DRAM_NUM_REQS_24_DSTORE_total_pct,         -nan

DRAM_NUM_REQS_24_IPRF_count,             0
DRAM_NUM_REQS_24_IPRF_pct,         -nan
DRAM_NUM_REQS_24_IPRF_total_count,             0
DRAM_NUM_REQS_24_IPRF_total_pct,         -nan

DRAM_NUM_REQS_24_DPRF_count,             0
DRAM_NUM_REQS_24_DPRF_pct,         -nan
DRAM_NUM_REQS_24_DPRF_total_count,             0
DRAM_NUM_REQS_24_DPRF_total_pct,         -nan

DRAM_NUM_REQS_24_WB_count,             0
DRAM_NUM_REQS_24_WB_pct,         -nan
DRAM_NUM_REQS_24_WB_total_count,             0
DRAM_NUM_REQS_24_WB_total_pct,         -nan

DRAM_NUM_REQS_24_WB_NODIRTY_count,             0
DRAM_NUM_REQS_24_WB_NODIRTY_pct,         -nan
DRAM_NUM_REQS_24_WB_NODIRTY_total_count,             0
DRAM_NUM_REQS_24_WB_NODIRTY_total_pct,         -nan

DRAM_NUM_REQS_25_IFETCH_count,             0
DRAM_NUM_REQS_25_IFETCH_pct,         -nan
DRAM_NUM_REQS_25_IFETCH_total_count,             0
DRAM_NUM_REQS_25_IFETCH_total_pct,         -nan

DRAM_NUM_REQS_25_DFETCH_count,             0
DRAM_NUM_REQS_25_DFETCH_pct,         -nan
DRAM_NUM_REQS_25_DFETCH_total_count,             0
DRAM_NUM_REQS_25_DFETCH_total_pct,         -nan

DRAM_NUM_REQS_25_DSTORE_count,             0
DRAM_NUM_REQS_25_DSTORE_pct,         -nan
DRAM_NUM_REQS_25_DSTORE_total_count,             0
DRAM_NUM_REQS_25_DSTORE_total_pct,         -nan

DRAM_NUM_REQS_25_IPRF_count,             0
DRAM_NUM_REQS_25_IPRF_pct,         -nan
DRAM_NUM_REQS_25_IPRF_total_count,             0
DRAM_NUM_REQS_25_IPRF_total_pct,         -nan

DRAM_NUM_REQS_25_DPRF_count,             0
DRAM_NUM_REQS_25_DPRF_pct,         -nan
DRAM_NUM_REQS_25_DPRF_total_count,             0
DRAM_NUM_REQS_25_DPRF_total_pct,         -nan

DRAM_NUM_REQS_25_WB_count,             0
DRAM_NUM_REQS_25_WB_pct,         -nan
DRAM_NUM_REQS_25_WB_total_count,             0
DRAM_NUM_REQS_25_WB_total_pct,         -nan

DRAM_NUM_REQS_25_WB_NODIRTY_count,             0
DRAM_NUM_REQS_25_WB_NODIRTY_pct,         -nan
DRAM_NUM_REQS_25_WB_NODIRTY_total_count,             0
DRAM_NUM_REQS_25_WB_NODIRTY_total_pct,         -nan

DRAM_NUM_REQS_26_IFETCH_count,             0
DRAM_NUM_REQS_26_IFETCH_pct,         -nan
DRAM_NUM_REQS_26_IFETCH_total_count,             0
DRAM_NUM_REQS_26_IFETCH_total_pct,         -nan

DRAM_NUM_REQS_26_DFETCH_count,             0
DRAM_NUM_REQS_26_DFETCH_pct,         -nan
DRAM_NUM_REQS_26_DFETCH_total_count,             0
DRAM_NUM_REQS_26_DFETCH_total_pct,         -nan

DRAM_NUM_REQS_26_DSTORE_count,             0
DRAM_NUM_REQS_26_DSTORE_pct,         -nan
DRAM_NUM_REQS_26_DSTORE_total_count,             0
DRAM_NUM_REQS_26_DSTORE_total_pct,         -nan

DRAM_NUM_REQS_26_IPRF_count,             0
DRAM_NUM_REQS_26_IPRF_pct,         -nan
DRAM_NUM_REQS_26_IPRF_total_count,             0
DRAM_NUM_REQS_26_IPRF_total_pct,         -nan

DRAM_NUM_REQS_26_DPRF_count,             0
DRAM_NUM_REQS_26_DPRF_pct,         -nan
DRAM_NUM_REQS_26_DPRF_total_count,             0
DRAM_NUM_REQS_26_DPRF_total_pct,         -nan

DRAM_NUM_REQS_26_WB_count,             0
DRAM_NUM_REQS_26_WB_pct,         -nan
DRAM_NUM_REQS_26_WB_total_count,             0
DRAM_NUM_REQS_26_WB_total_pct,         -nan

DRAM_NUM_REQS_26_WB_NODIRTY_count,             0
DRAM_NUM_REQS_26_WB_NODIRTY_pct,         -nan
DRAM_NUM_REQS_26_WB_NODIRTY_total_count,             0
DRAM_NUM_REQS_26_WB_NODIRTY_total_pct,         -nan

DRAM_NUM_REQS_27_IFETCH_count,             0
DRAM_NUM_REQS_27_IFETCH_pct,         -nan
DRAM_NUM_REQS_27_IFETCH_total_count,             0
DRAM_NUM_REQS_27_IFETCH_total_pct,         -nan

DRAM_NUM_REQS_27_DFETCH_count,             0
DRAM_NUM_REQS_27_DFETCH_pct,         -nan
DRAM_NUM_REQS_27_DFETCH_total_count,             0
DRAM_NUM_REQS_27_DFETCH_total_pct,         -nan

DRAM_NUM_REQS_27_DSTORE_count,             0
DRAM_NUM_REQS_27_DSTORE_pct,         -nan
DRAM_NUM_REQS_27_DSTORE_total_count,             0
DRAM_NUM_REQS_27_DSTORE_total_pct,         -nan

DRAM_NUM_REQS_27_IPRF_count,             0
DRAM_NUM_REQS_27_IPRF_pct,         -nan
DRAM_NUM_REQS_27_IPRF_total_count,             0
DRAM_NUM_REQS_27_IPRF_total_pct,         -nan

DRAM_NUM_REQS_27_DPRF_count,             0
DRAM_NUM_REQS_27_DPRF_pct,         -nan
DRAM_NUM_REQS_27_DPRF_total_count,             0
DRAM_NUM_REQS_27_DPRF_total_pct,         -nan

DRAM_NUM_REQS_27_WB_count,             0
DRAM_NUM_REQS_27_WB_pct,         -nan
DRAM_NUM_REQS_27_WB_total_count,             0
DRAM_NUM_REQS_27_WB_total_pct,         -nan

DRAM_NUM_REQS_27_WB_NODIRTY_count,             0
DRAM_NUM_REQS_27_WB_NODIRTY_pct,         -nan
DRAM_NUM_REQS_27_WB_NODIRTY_total_count,             0
DRAM_NUM_REQS_27_WB_NODIRTY_total_pct,         -nan

DRAM_NUM_REQS_28_IFETCH_count,             0
DRAM_NUM_REQS_28_IFETCH_pct,         -nan
DRAM_NUM_REQS_28_IFETCH_total_count,             0
DRAM_NUM_REQS_28_IFETCH_total_pct,         -nan

DRAM_NUM_REQS_28_DFETCH_count,             0
DRAM_NUM_REQS_28_DFETCH_pct,         -nan
DRAM_NUM_REQS_28_DFETCH_total_count,             0
DRAM_NUM_REQS_28_DFETCH_total_pct,         -nan

DRAM_NUM_REQS_28_DSTORE_count,             0
DRAM_NUM_REQS_28_DSTORE_pct,         -nan
DRAM_NUM_REQS_28_DSTORE_total_count,             0
DRAM_NUM_REQS_28_DSTORE_total_pct,         -nan

DRAM_NUM_REQS_28_IPRF_count,             0
DRAM_NUM_REQS_28_IPRF_pct,         -nan
DRAM_NUM_REQS_28_IPRF_total_count,             0
DRAM_NUM_REQS_28_IPRF_total_pct,         -nan

DRAM_NUM_REQS_28_DPRF_count,             0
DRAM_NUM_REQS_28_DPRF_pct,         -nan
DRAM_NUM_REQS_28_DPRF_total_count,             0
DRAM_NUM_REQS_28_DPRF_total_pct,         -nan

DRAM_NUM_REQS_28_WB_count,             0
DRAM_NUM_REQS_28_WB_pct,         -nan
DRAM_NUM_REQS_28_WB_total_count,             0
DRAM_NUM_REQS_28_WB_total_pct,         -nan

DRAM_NUM_REQS_28_WB_NODIRTY_count,             0
DRAM_NUM_REQS_28_WB_NODIRTY_pct,         -nan
DRAM_NUM_REQS_28_WB_NODIRTY_total_count,             0
DRAM_NUM_REQS_28_WB_NODIRTY_total_pct,         -nan

DRAM_NUM_REQS_29_IFETCH_count,             0
DRAM_NUM_REQS_29_IFETCH_pct,         -nan
DRAM_NUM_REQS_29_IFETCH_total_count,             0
DRAM_NUM_REQS_29_IFETCH_total_pct,         -nan

DRAM_NUM_REQS_29_DFETCH_count,             0
DRAM_NUM_REQS_29_DFETCH_pct,         -nan
DRAM_NUM_REQS_29_DFETCH_total_count,             0
DRAM_NUM_REQS_29_DFETCH_total_pct,         -nan

DRAM_NUM_REQS_29_DSTORE_count,             0
DRAM_NUM_REQS_29_DSTORE_pct,         -nan
DRAM_NUM_REQS_29_DSTORE_total_count,             0
DRAM_NUM_REQS_29_DSTORE_total_pct,         -nan

DRAM_NUM_REQS_29_IPRF_count,             0
DRAM_NUM_REQS_29_IPRF_pct,         -nan
DRAM_NUM_REQS_29_IPRF_total_count,             0
DRAM_NUM_REQS_29_IPRF_total_pct,         -nan

DRAM_NUM_REQS_29_DPRF_count,             0
DRAM_NUM_REQS_29_DPRF_pct,         -nan
DRAM_NUM_REQS_29_DPRF_total_count,             0
DRAM_NUM_REQS_29_DPRF_total_pct,         -nan

DRAM_NUM_REQS_29_WB_count,             0
DRAM_NUM_REQS_29_WB_pct,         -nan
DRAM_NUM_REQS_29_WB_total_count,             0
DRAM_NUM_REQS_29_WB_total_pct,         -nan

DRAM_NUM_REQS_29_WB_NODIRTY_count,             0
DRAM_NUM_REQS_29_WB_NODIRTY_pct,         -nan
DRAM_NUM_REQS_29_WB_NODIRTY_total_count,             0
DRAM_NUM_REQS_29_WB_NODIRTY_total_pct,         -nan

DRAM_NUM_REQS_30_IFETCH_count,             0
DRAM_NUM_REQS_30_IFETCH_pct,         -nan
DRAM_NUM_REQS_30_IFETCH_total_count,             0
DRAM_NUM_REQS_30_IFETCH_total_pct,         -nan

DRAM_NUM_REQS_30_DFETCH_count,             0
DRAM_NUM_REQS_30_DFETCH_pct,         -nan
DRAM_NUM_REQS_30_DFETCH_total_count,             0
DRAM_NUM_REQS_30_DFETCH_total_pct,         -nan

DRAM_NUM_REQS_30_DSTORE_count,             0
DRAM_NUM_REQS_30_DSTORE_pct,         -nan
DRAM_NUM_REQS_30_DSTORE_total_count,             0
DRAM_NUM_REQS_30_DSTORE_total_pct,         -nan

DRAM_NUM_REQS_30_IPRF_count,             0
DRAM_NUM_REQS_30_IPRF_pct,         -nan
DRAM_NUM_REQS_30_IPRF_total_count,             0
DRAM_NUM_REQS_30_IPRF_total_pct,         -nan

DRAM_NUM_REQS_30_DPRF_count,             0
DRAM_NUM_REQS_30_DPRF_pct,         -nan
DRAM_NUM_REQS_30_DPRF_total_count,             0
DRAM_NUM_REQS_30_DPRF_total_pct,         -nan

DRAM_NUM_REQS_30_WB_count,             0
DRAM_NUM_REQS_30_WB_pct,         -nan
DRAM_NUM_REQS_30_WB_total_count,             0
DRAM_NUM_REQS_30_WB_total_pct,         -nan

DRAM_NUM_REQS_30_WB_NODIRTY_count,             0
DRAM_NUM_REQS_30_WB_NODIRTY_pct,         -nan
DRAM_NUM_REQS_30_WB_NODIRTY_total_count,             0
DRAM_NUM_REQS_30_WB_NODIRTY_total_pct,         -nan

DRAM_NUM_REQS_31_IFETCH_count,             0
DRAM_NUM_REQS_31_IFETCH_pct,         -nan
DRAM_NUM_REQS_31_IFETCH_total_count,             0
DRAM_NUM_REQS_31_IFETCH_total_pct,         -nan

DRAM_NUM_REQS_31_DFETCH_count,             0
DRAM_NUM_REQS_31_DFETCH_pct,         -nan
DRAM_NUM_REQS_31_DFETCH_total_count,             0
DRAM_NUM_REQS_31_DFETCH_total_pct,         -nan

DRAM_NUM_REQS_31_DSTORE_count,             0
DRAM_NUM_REQS_31_DSTORE_pct,         -nan
DRAM_NUM_REQS_31_DSTORE_total_count,             0
DRAM_NUM_REQS_31_DSTORE_total_pct,         -nan

DRAM_NUM_REQS_31_IPRF_count,             0
DRAM_NUM_REQS_31_IPRF_pct,         -nan
DRAM_NUM_REQS_31_IPRF_total_count,             0
DRAM_NUM_REQS_31_IPRF_total_pct,         -nan

DRAM_NUM_REQS_31_DPRF_count,             0
DRAM_NUM_REQS_31_DPRF_pct,         -nan
DRAM_NUM_REQS_31_DPRF_total_count,             0
DRAM_NUM_REQS_31_DPRF_total_pct,         -nan

DRAM_NUM_REQS_31_WB_count,             0
DRAM_NUM_REQS_31_WB_pct,         -nan
DRAM_NUM_REQS_31_WB_total_count,             0
DRAM_NUM_REQS_31_WB_total_pct,         -nan

DRAM_NUM_REQS_31_WB_NODIRTY_count,             0
DRAM_NUM_REQS_31_WB_NODIRTY_pct,         -nan
DRAM_NUM_REQS_31_WB_NODIRTY_total_count,             0
DRAM_NUM_REQS_31_WB_NODIRTY_total_pct,         -nan

DRAM_NUM_REQS_32_IFETCH_count,             0
DRAM_NUM_REQS_32_IFETCH_pct,         -nan
DRAM_NUM_REQS_32_IFETCH_total_count,             0
DRAM_NUM_REQS_32_IFETCH_total_pct,         -nan

DRAM_NUM_REQS_32_DFETCH_count,             0
DRAM_NUM_REQS_32_DFETCH_pct,         -nan
DRAM_NUM_REQS_32_DFETCH_total_count,             0
DRAM_NUM_REQS_32_DFETCH_total_pct,         -nan

DRAM_NUM_REQS_32_DSTORE_count,             0
DRAM_NUM_REQS_32_DSTORE_pct,         -nan
DRAM_NUM_REQS_32_DSTORE_total_count,             0
DRAM_NUM_REQS_32_DSTORE_total_pct,         -nan

DRAM_NUM_REQS_32_IPRF_count,             0
DRAM_NUM_REQS_32_IPRF_pct,         -nan
DRAM_NUM_REQS_32_IPRF_total_count,             0
DRAM_NUM_REQS_32_IPRF_total_pct,         -nan

DRAM_NUM_REQS_32_DPRF_count,             0
DRAM_NUM_REQS_32_DPRF_pct,         -nan
DRAM_NUM_REQS_32_DPRF_total_count,             0
DRAM_NUM_REQS_32_DPRF_total_pct,         -nan

DRAM_NUM_REQS_32_WB_count,             0
DRAM_NUM_REQS_32_WB_pct,         -nan
DRAM_NUM_REQS_32_WB_total_count,             0
DRAM_NUM_REQS_32_WB_total_pct,         -nan

DRAM_NUM_REQS_32_WB_NODIRTY_count,             0
DRAM_NUM_REQS_32_WB_NODIRTY_pct,         -nan
DRAM_NUM_REQS_32_WB_NODIRTY_total_count,             0
DRAM_NUM_REQS_32_WB_NODIRTY_total_pct,         -nan

DRAM_BOTTLENECK_BUS_0_count,             0
DRAM_BOTTLENECK_BUS_0_pct,         -nan
DRAM_BOTTLENECK_BUS_0_total_count,             0
DRAM_BOTTLENECK_BUS_0_total_pct,         -nan

DRAM_BOTTLENECK_BUS_10_count,             0
DRAM_BOTTLENECK_BUS_10_pct,         -nan
DRAM_BOTTLENECK_BUS_10_total_count,             0
DRAM_BOTTLENECK_BUS_10_total_pct,         -nan

DRAM_BOTTLENECK_BUS_20_count,             0
DRAM_BOTTLENECK_BUS_20_pct,         -nan
DRAM_BOTTLENECK_BUS_20_total_count,             0
DRAM_BOTTLENECK_BUS_20_total_pct,         -nan

DRAM_BOTTLENECK_BUS_30_count,             0
DRAM_BOTTLENECK_BUS_30_pct,         -nan
DRAM_BOTTLENECK_BUS_30_total_count,             0
DRAM_BOTTLENECK_BUS_30_total_pct,         -nan

DRAM_BOTTLENECK_BUS_40_count,             0
DRAM_BOTTLENECK_BUS_40_pct,         -nan
DRAM_BOTTLENECK_BUS_40_total_count,             0
DRAM_BOTTLENECK_BUS_40_total_pct,         -nan

DRAM_BOTTLENECK_BUS_50_count,             0
DRAM_BOTTLENECK_BUS_50_pct,         -nan
DRAM_BOTTLENECK_BUS_50_total_count,             0
DRAM_BOTTLENECK_BUS_50_total_pct,         -nan

DRAM_BOTTLENECK_BUS_60_count,             0
DRAM_BOTTLENECK_BUS_60_pct,         -nan
DRAM_BOTTLENECK_BUS_60_total_count,             0
DRAM_BOTTLENECK_BUS_60_total_pct,         -nan

DRAM_BOTTLENECK_BUS_70_count,             0
DRAM_BOTTLENECK_BUS_70_pct,         -nan
DRAM_BOTTLENECK_BUS_70_total_count,             0
DRAM_BOTTLENECK_BUS_70_total_pct,         -nan

DRAM_BOTTLENECK_BUS_80_count,             0
DRAM_BOTTLENECK_BUS_80_pct,         -nan
DRAM_BOTTLENECK_BUS_80_total_count,             0
DRAM_BOTTLENECK_BUS_80_total_pct,         -nan

DRAM_BOTTLENECK_BUS_90_count,             0
DRAM_BOTTLENECK_BUS_90_pct,         -nan
DRAM_BOTTLENECK_BUS_90_total_count,             0
DRAM_BOTTLENECK_BUS_90_total_pct,         -nan

DRAM_BOTTLENECK_BUS_100_count,             0
DRAM_BOTTLENECK_BUS_100_pct,         -nan
DRAM_BOTTLENECK_BUS_100_total_count,             0
DRAM_BOTTLENECK_BUS_100_total_pct,         -nan
DRAM_BOTTLENECK_BUS_100_sum_count,             0
DRAM_BOTTLENECK_BUS_100_sum_pct,         -nan
DRAM_BOTTLENECK_BUS_100_sum_total_count,             0
DRAM_BOTTLENECK_BUS_100_sum_total_pct,         -nan
DRAM_BOTTLENECK_BUS_100_mean,         -nan
DRAM_BOTTLENECK_BUS_100_stddev,         -nan
DRAM_BOTTLENECK_BUS_100_total_mean,         -nan
DRAM_BOTTLENECK_BUS_100_total_stddev,         -nan

DRAM_BOTTLENECK_BANKS_0_count,             0
DRAM_BOTTLENECK_BANKS_0_pct,         -nan
DRAM_BOTTLENECK_BANKS_0_total_count,             0
DRAM_BOTTLENECK_BANKS_0_total_pct,         -nan

DRAM_BOTTLENECK_BANKS_10_count,             0
DRAM_BOTTLENECK_BANKS_10_pct,         -nan
DRAM_BOTTLENECK_BANKS_10_total_count,             0
DRAM_BOTTLENECK_BANKS_10_total_pct,         -nan

DRAM_BOTTLENECK_BANKS_20_count,             0
DRAM_BOTTLENECK_BANKS_20_pct,         -nan
DRAM_BOTTLENECK_BANKS_20_total_count,             0
DRAM_BOTTLENECK_BANKS_20_total_pct,         -nan

DRAM_BOTTLENECK_BANKS_30_count,             0
DRAM_BOTTLENECK_BANKS_30_pct,         -nan
DRAM_BOTTLENECK_BANKS_30_total_count,             0
DRAM_BOTTLENECK_BANKS_30_total_pct,         -nan

DRAM_BOTTLENECK_BANKS_40_count,             0
DRAM_BOTTLENECK_BANKS_40_pct,         -nan
DRAM_BOTTLENECK_BANKS_40_total_count,             0
DRAM_BOTTLENECK_BANKS_40_total_pct,         -nan

DRAM_BOTTLENECK_BANKS_50_count,             0
DRAM_BOTTLENECK_BANKS_50_pct,         -nan
DRAM_BOTTLENECK_BANKS_50_total_count,             0
DRAM_BOTTLENECK_BANKS_50_total_pct,         -nan

DRAM_BOTTLENECK_BANKS_60_count,             0
DRAM_BOTTLENECK_BANKS_60_pct,         -nan
DRAM_BOTTLENECK_BANKS_60_total_count,             0
DRAM_BOTTLENECK_BANKS_60_total_pct,         -nan

DRAM_BOTTLENECK_BANKS_70_count,             0
DRAM_BOTTLENECK_BANKS_70_pct,         -nan
DRAM_BOTTLENECK_BANKS_70_total_count,             0
DRAM_BOTTLENECK_BANKS_70_total_pct,         -nan

DRAM_BOTTLENECK_BANKS_80_count,             0
DRAM_BOTTLENECK_BANKS_80_pct,         -nan
DRAM_BOTTLENECK_BANKS_80_total_count,             0
DRAM_BOTTLENECK_BANKS_80_total_pct,         -nan

DRAM_BOTTLENECK_BANKS_90_count,             0
DRAM_BOTTLENECK_BANKS_90_pct,         -nan
DRAM_BOTTLENECK_BANKS_90_total_count,             0
DRAM_BOTTLENECK_BANKS_90_total_pct,         -nan

DRAM_BOTTLENECK_BANKS_100_count,             0
DRAM_BOTTLENECK_BANKS_100_pct,         -nan
DRAM_BOTTLENECK_BANKS_100_total_count,             0
DRAM_BOTTLENECK_BANKS_100_total_pct,         -nan
DRAM_BOTTLENECK_BANKS_100_sum_count,             0
DRAM_BOTTLENECK_BANKS_100_sum_pct,         -nan
DRAM_BOTTLENECK_BANKS_100_sum_total_count,             0
DRAM_BOTTLENECK_BANKS_100_sum_total_pct,         -nan
DRAM_BOTTLENECK_BANKS_100_mean,         -nan
DRAM_BOTTLENECK_BANKS_100_stddev,         -nan
DRAM_BOTTLENECK_BANKS_100_total_mean,         -nan
DRAM_BOTTLENECK_BANKS_100_total_stddev,         -nan

DRAM_BOTTLENECK_FAW_0_count,             0
DRAM_BOTTLENECK_FAW_0_pct,         -nan
DRAM_BOTTLENECK_FAW_0_total_count,             0
DRAM_BOTTLENECK_FAW_0_total_pct,         -nan

DRAM_BOTTLENECK_FAW_10_count,             0
DRAM_BOTTLENECK_FAW_10_pct,         -nan
DRAM_BOTTLENECK_FAW_10_total_count,             0
DRAM_BOTTLENECK_FAW_10_total_pct,         -nan

DRAM_BOTTLENECK_FAW_20_count,             0
DRAM_BOTTLENECK_FAW_20_pct,         -nan
DRAM_BOTTLENECK_FAW_20_total_count,             0
DRAM_BOTTLENECK_FAW_20_total_pct,         -nan

DRAM_BOTTLENECK_FAW_30_count,             0
DRAM_BOTTLENECK_FAW_30_pct,         -nan
DRAM_BOTTLENECK_FAW_30_total_count,             0
DRAM_BOTTLENECK_FAW_30_total_pct,         -nan

DRAM_BOTTLENECK_FAW_40_count,             0
DRAM_BOTTLENECK_FAW_40_pct,         -nan
DRAM_BOTTLENECK_FAW_40_total_count,             0
DRAM_BOTTLENECK_FAW_40_total_pct,         -nan

DRAM_BOTTLENECK_FAW_50_count,             0
DRAM_BOTTLENECK_FAW_50_pct,         -nan
DRAM_BOTTLENECK_FAW_50_total_count,             0
DRAM_BOTTLENECK_FAW_50_total_pct,         -nan

DRAM_BOTTLENECK_FAW_60_count,             0
DRAM_BOTTLENECK_FAW_60_pct,         -nan
DRAM_BOTTLENECK_FAW_60_total_count,             0
DRAM_BOTTLENECK_FAW_60_total_pct,         -nan

DRAM_BOTTLENECK_FAW_70_count,             0
DRAM_BOTTLENECK_FAW_70_pct,         -nan
DRAM_BOTTLENECK_FAW_70_total_count,             0
DRAM_BOTTLENECK_FAW_70_total_pct,         -nan

DRAM_BOTTLENECK_FAW_80_count,             0
DRAM_BOTTLENECK_FAW_80_pct,         -nan
DRAM_BOTTLENECK_FAW_80_total_count,             0
DRAM_BOTTLENECK_FAW_80_total_pct,         -nan

DRAM_BOTTLENECK_FAW_90_count,             0
DRAM_BOTTLENECK_FAW_90_pct,         -nan
DRAM_BOTTLENECK_FAW_90_total_count,             0
DRAM_BOTTLENECK_FAW_90_total_pct,         -nan

DRAM_BOTTLENECK_FAW_100_count,             0
DRAM_BOTTLENECK_FAW_100_pct,         -nan
DRAM_BOTTLENECK_FAW_100_total_count,             0
DRAM_BOTTLENECK_FAW_100_total_pct,         -nan
DRAM_BOTTLENECK_FAW_100_sum_count,             0
DRAM_BOTTLENECK_FAW_100_sum_pct,         -nan
DRAM_BOTTLENECK_FAW_100_sum_total_count,             0
DRAM_BOTTLENECK_FAW_100_sum_total_pct,         -nan
DRAM_BOTTLENECK_FAW_100_mean,         -nan
DRAM_BOTTLENECK_FAW_100_stddev,         -nan
DRAM_BOTTLENECK_FAW_100_total_mean,         -nan
DRAM_BOTTLENECK_FAW_100_total_stddev,         -nan

DRAM_ROW_HIT_GEN_AFTER_ROW_OPEN_STALLING_count,             0
DRAM_ROW_HIT_GEN_AFTER_ROW_OPEN_STALLING_total_count,             0

KNOWN_BAD_ADDRESS_count,             0
KNOWN_BAD_ADDRESS_pct,        0.000
KNOWN_BAD_ADDRESS_total_count,             0
KNOWN_BAD_ADDRESS_total_pct,        0.000

GOOD_ADDRESS_count,       7672900
GOOD_ADDRESS_pct,      100.000
GOOD_ADDRESS_total_count,      14936352
GOOD_ADDRESS_total_pct,      100.000
GOOD_ADDRESS_sum_count,       7672900
GOOD_ADDRESS_sum_pct,      100.000
GOOD_ADDRESS_sum_total_count,      14936352
GOOD_ADDRESS_sum_total_pct,      100.000
GOOD_ADDRESS_mean,         1.00
GOOD_ADDRESS_stddev,         1.00
GOOD_ADDRESS_total_mean,         1.00
GOOD_ADDRESS_total_stddev,         1.00

BBL_LENGTH_1_count,             0
BBL_LENGTH_1_pct,         -nan
BBL_LENGTH_1_total_count,             0
BBL_LENGTH_1_total_pct,         -nan

BBL_LENGTH_2_count,             0
BBL_LENGTH_2_pct,         -nan
BBL_LENGTH_2_total_count,             0
BBL_LENGTH_2_total_pct,         -nan

BBL_LENGTH_3_count,             0
BBL_LENGTH_3_pct,         -nan
BBL_LENGTH_3_total_count,             0
BBL_LENGTH_3_total_pct,         -nan

BBL_LENGTH_4_count,             0
BBL_LENGTH_4_pct,         -nan
BBL_LENGTH_4_total_count,             0
BBL_LENGTH_4_total_pct,         -nan

BBL_LENGTH_5_count,             0
BBL_LENGTH_5_pct,         -nan
BBL_LENGTH_5_total_count,             0
BBL_LENGTH_5_total_pct,         -nan

BBL_LENGTH_6_count,             0
BBL_LENGTH_6_pct,         -nan
BBL_LENGTH_6_total_count,             0
BBL_LENGTH_6_total_pct,         -nan

BBL_LENGTH_7_count,             0
BBL_LENGTH_7_pct,         -nan
BBL_LENGTH_7_total_count,             0
BBL_LENGTH_7_total_pct,         -nan

BBL_LENGTH_8_count,             0
BBL_LENGTH_8_pct,         -nan
BBL_LENGTH_8_total_count,             0
BBL_LENGTH_8_total_pct,         -nan

BBL_LENGTH_9_count,             0
BBL_LENGTH_9_pct,         -nan
BBL_LENGTH_9_total_count,             0
BBL_LENGTH_9_total_pct,         -nan

BBL_LENGTH_10_count,             0
BBL_LENGTH_10_pct,         -nan
BBL_LENGTH_10_total_count,             0
BBL_LENGTH_10_total_pct,         -nan

BBL_LENGTH_11_count,             0
BBL_LENGTH_11_pct,         -nan
BBL_LENGTH_11_total_count,             0
BBL_LENGTH_11_total_pct,         -nan

BBL_LENGTH_12_count,             0
BBL_LENGTH_12_pct,         -nan
BBL_LENGTH_12_total_count,             0
BBL_LENGTH_12_total_pct,         -nan

BBL_LENGTH_13_count,             0
BBL_LENGTH_13_pct,         -nan
BBL_LENGTH_13_total_count,             0
BBL_LENGTH_13_total_pct,         -nan

BBL_LENGTH_14_count,             0
BBL_LENGTH_14_pct,         -nan
BBL_LENGTH_14_total_count,             0
BBL_LENGTH_14_total_pct,         -nan

BBL_LENGTH_15_count,             0
BBL_LENGTH_15_pct,         -nan
BBL_LENGTH_15_total_count,             0
BBL_LENGTH_15_total_pct,         -nan

BBL_LENGTH_16_count,             0
BBL_LENGTH_16_pct,         -nan
BBL_LENGTH_16_total_count,             0
BBL_LENGTH_16_total_pct,         -nan

BBL_LENGTH_17_count,             0
BBL_LENGTH_17_pct,         -nan
BBL_LENGTH_17_total_count,             0
BBL_LENGTH_17_total_pct,         -nan

BBL_LENGTH_18_count,             0
BBL_LENGTH_18_pct,         -nan
BBL_LENGTH_18_total_count,             0
BBL_LENGTH_18_total_pct,         -nan

BBL_LENGTH_19_count,             0
BBL_LENGTH_19_pct,         -nan
BBL_LENGTH_19_total_count,             0
BBL_LENGTH_19_total_pct,         -nan

BBL_LENGTH_20_count,             0
BBL_LENGTH_20_pct,         -nan
BBL_LENGTH_20_total_count,             0
BBL_LENGTH_20_total_pct,         -nan

BBL_LENGTH_21_count,             0
BBL_LENGTH_21_pct,         -nan
BBL_LENGTH_21_total_count,             0
BBL_LENGTH_21_total_pct,         -nan

BBL_LENGTH_22_count,             0
BBL_LENGTH_22_pct,         -nan
BBL_LENGTH_22_total_count,             0
BBL_LENGTH_22_total_pct,         -nan

BBL_LENGTH_23_count,             0
BBL_LENGTH_23_pct,         -nan
BBL_LENGTH_23_total_count,             0
BBL_LENGTH_23_total_pct,         -nan

BBL_LENGTH_24_count,             0
BBL_LENGTH_24_pct,         -nan
BBL_LENGTH_24_total_count,             0
BBL_LENGTH_24_total_pct,         -nan
BBL_LENGTH_24_sum_count,             0
BBL_LENGTH_24_sum_pct,         -nan
BBL_LENGTH_24_sum_total_count,             0
BBL_LENGTH_24_sum_total_pct,         -nan
BBL_LENGTH_24_mean,         -nan
BBL_LENGTH_24_stddev,         -nan
BBL_LENGTH_24_total_mean,         -nan
BBL_LENGTH_24_total_stddev,         -nan

BBL_DONT_END_PRED_NT_LENGTH_1_count,             0
BBL_DONT_END_PRED_NT_LENGTH_1_pct,         -nan
BBL_DONT_END_PRED_NT_LENGTH_1_total_count,             0
BBL_DONT_END_PRED_NT_LENGTH_1_total_pct,         -nan

BBL_DONT_END_PRED_NT_LENGTH_2_count,             0
BBL_DONT_END_PRED_NT_LENGTH_2_pct,         -nan
BBL_DONT_END_PRED_NT_LENGTH_2_total_count,             0
BBL_DONT_END_PRED_NT_LENGTH_2_total_pct,         -nan

BBL_DONT_END_PRED_NT_LENGTH_3_count,             0
BBL_DONT_END_PRED_NT_LENGTH_3_pct,         -nan
BBL_DONT_END_PRED_NT_LENGTH_3_total_count,             0
BBL_DONT_END_PRED_NT_LENGTH_3_total_pct,         -nan

BBL_DONT_END_PRED_NT_LENGTH_4_count,             0
BBL_DONT_END_PRED_NT_LENGTH_4_pct,         -nan
BBL_DONT_END_PRED_NT_LENGTH_4_total_count,             0
BBL_DONT_END_PRED_NT_LENGTH_4_total_pct,         -nan

BBL_DONT_END_PRED_NT_LENGTH_5_count,             0
BBL_DONT_END_PRED_NT_LENGTH_5_pct,         -nan
BBL_DONT_END_PRED_NT_LENGTH_5_total_count,             0
BBL_DONT_END_PRED_NT_LENGTH_5_total_pct,         -nan

BBL_DONT_END_PRED_NT_LENGTH_6_count,             0
BBL_DONT_END_PRED_NT_LENGTH_6_pct,         -nan
BBL_DONT_END_PRED_NT_LENGTH_6_total_count,             0
BBL_DONT_END_PRED_NT_LENGTH_6_total_pct,         -nan

BBL_DONT_END_PRED_NT_LENGTH_7_count,             0
BBL_DONT_END_PRED_NT_LENGTH_7_pct,         -nan
BBL_DONT_END_PRED_NT_LENGTH_7_total_count,             0
BBL_DONT_END_PRED_NT_LENGTH_7_total_pct,         -nan

BBL_DONT_END_PRED_NT_LENGTH_8_count,             0
BBL_DONT_END_PRED_NT_LENGTH_8_pct,         -nan
BBL_DONT_END_PRED_NT_LENGTH_8_total_count,             0
BBL_DONT_END_PRED_NT_LENGTH_8_total_pct,         -nan

BBL_DONT_END_PRED_NT_LENGTH_9_count,             0
BBL_DONT_END_PRED_NT_LENGTH_9_pct,         -nan
BBL_DONT_END_PRED_NT_LENGTH_9_total_count,             0
BBL_DONT_END_PRED_NT_LENGTH_9_total_pct,         -nan

BBL_DONT_END_PRED_NT_LENGTH_10_count,             0
BBL_DONT_END_PRED_NT_LENGTH_10_pct,         -nan
BBL_DONT_END_PRED_NT_LENGTH_10_total_count,             0
BBL_DONT_END_PRED_NT_LENGTH_10_total_pct,         -nan

BBL_DONT_END_PRED_NT_LENGTH_11_count,             0
BBL_DONT_END_PRED_NT_LENGTH_11_pct,         -nan
BBL_DONT_END_PRED_NT_LENGTH_11_total_count,             0
BBL_DONT_END_PRED_NT_LENGTH_11_total_pct,         -nan

BBL_DONT_END_PRED_NT_LENGTH_12_count,             0
BBL_DONT_END_PRED_NT_LENGTH_12_pct,         -nan
BBL_DONT_END_PRED_NT_LENGTH_12_total_count,             0
BBL_DONT_END_PRED_NT_LENGTH_12_total_pct,         -nan

BBL_DONT_END_PRED_NT_LENGTH_13_count,             0
BBL_DONT_END_PRED_NT_LENGTH_13_pct,         -nan
BBL_DONT_END_PRED_NT_LENGTH_13_total_count,             0
BBL_DONT_END_PRED_NT_LENGTH_13_total_pct,         -nan

BBL_DONT_END_PRED_NT_LENGTH_14_count,             0
BBL_DONT_END_PRED_NT_LENGTH_14_pct,         -nan
BBL_DONT_END_PRED_NT_LENGTH_14_total_count,             0
BBL_DONT_END_PRED_NT_LENGTH_14_total_pct,         -nan

BBL_DONT_END_PRED_NT_LENGTH_15_count,             0
BBL_DONT_END_PRED_NT_LENGTH_15_pct,         -nan
BBL_DONT_END_PRED_NT_LENGTH_15_total_count,             0
BBL_DONT_END_PRED_NT_LENGTH_15_total_pct,         -nan

BBL_DONT_END_PRED_NT_LENGTH_16_count,             0
BBL_DONT_END_PRED_NT_LENGTH_16_pct,         -nan
BBL_DONT_END_PRED_NT_LENGTH_16_total_count,             0
BBL_DONT_END_PRED_NT_LENGTH_16_total_pct,         -nan

BBL_DONT_END_PRED_NT_LENGTH_17_count,             0
BBL_DONT_END_PRED_NT_LENGTH_17_pct,         -nan
BBL_DONT_END_PRED_NT_LENGTH_17_total_count,             0
BBL_DONT_END_PRED_NT_LENGTH_17_total_pct,         -nan

BBL_DONT_END_PRED_NT_LENGTH_18_count,             0
BBL_DONT_END_PRED_NT_LENGTH_18_pct,         -nan
BBL_DONT_END_PRED_NT_LENGTH_18_total_count,             0
BBL_DONT_END_PRED_NT_LENGTH_18_total_pct,         -nan

BBL_DONT_END_PRED_NT_LENGTH_19_count,             0
BBL_DONT_END_PRED_NT_LENGTH_19_pct,         -nan
BBL_DONT_END_PRED_NT_LENGTH_19_total_count,             0
BBL_DONT_END_PRED_NT_LENGTH_19_total_pct,         -nan

BBL_DONT_END_PRED_NT_LENGTH_20_count,             0
BBL_DONT_END_PRED_NT_LENGTH_20_pct,         -nan
BBL_DONT_END_PRED_NT_LENGTH_20_total_count,             0
BBL_DONT_END_PRED_NT_LENGTH_20_total_pct,         -nan

BBL_DONT_END_PRED_NT_LENGTH_21_count,             0
BBL_DONT_END_PRED_NT_LENGTH_21_pct,         -nan
BBL_DONT_END_PRED_NT_LENGTH_21_total_count,             0
BBL_DONT_END_PRED_NT_LENGTH_21_total_pct,         -nan

BBL_DONT_END_PRED_NT_LENGTH_22_count,             0
BBL_DONT_END_PRED_NT_LENGTH_22_pct,         -nan
BBL_DONT_END_PRED_NT_LENGTH_22_total_count,             0
BBL_DONT_END_PRED_NT_LENGTH_22_total_pct,         -nan

BBL_DONT_END_PRED_NT_LENGTH_23_count,             0
BBL_DONT_END_PRED_NT_LENGTH_23_pct,         -nan
BBL_DONT_END_PRED_NT_LENGTH_23_total_count,             0
BBL_DONT_END_PRED_NT_LENGTH_23_total_pct,         -nan

BBL_DONT_END_PRED_NT_LENGTH_24_count,             0
BBL_DONT_END_PRED_NT_LENGTH_24_pct,         -nan
BBL_DONT_END_PRED_NT_LENGTH_24_total_count,             0
BBL_DONT_END_PRED_NT_LENGTH_24_total_pct,         -nan
BBL_DONT_END_PRED_NT_LENGTH_24_sum_count,             0
BBL_DONT_END_PRED_NT_LENGTH_24_sum_pct,         -nan
BBL_DONT_END_PRED_NT_LENGTH_24_sum_total_count,             0
BBL_DONT_END_PRED_NT_LENGTH_24_sum_total_pct,         -nan
BBL_DONT_END_PRED_NT_LENGTH_24_mean,         -nan
BBL_DONT_END_PRED_NT_LENGTH_24_stddev,         -nan
BBL_DONT_END_PRED_NT_LENGTH_24_total_mean,         -nan
BBL_DONT_END_PRED_NT_LENGTH_24_total_stddev,         -nan



